1000 10000
1 30
1 66
1 118
1 120
1 151
1 351
1 366
1 403
1 437
1 444
1 449
1 550
1 690
1 709
1 858
1 901
2 106
2 185
2 446
2 511
2 530
2 603
2 617
2 649
2 839
2 861
2 863
2 928
3 151
3 290
3 434
3 457
3 891
4 57
4 58
4 409
4 470
4 523
4 559
4 843
4 981
5 47
5 56
5 231
5 322
5 328
5 379
5 382
5 573
5 611
5 693
5 791
5 819
5 862
5 958
6 53
6 181
6 451
6 610
6 795
6 854
6 873
6 898
7 71
7 246
7 752
7 928
8 28
8 65
8 70
8 235
8 404
8 452
8 492
8 506
8 795
8 906
9 155
9 273
9 289
9 387
9 477
9 523
9 702
9 850
9 910
10 92
10 112
10 245
10 330
10 424
10 447
10 524
10 641
10 782
10 839
10 887
10 980
11 133
11 362
11 371
11 374
11 518
11 521
11 587
11 600
11 805
11 903
11 961
12 7
12 52
12 87
12 141
12 242
12 407
12 444
12 451
12 480
12 485
12 490
12 527
12 624
12 735
12 791
13 375
13 662
13 689
13 729
13 922
13 978
14 207
14 449
14 509
14 576
14 578
14 677
14 691
14 760
14 809
14 826
15 72
15 95
15 134
15 249
15 366
15 367
15 544
15 606
15 617
15 675
15 766
15 769
15 772
15 774
15 799
15 910
16 174
16 361
16 477
16 565
16 763
16 773
16 777
16 784
16 838
16 955
16 997
17 178
17 295
17 375
17 463
17 469
17 613
17 671
17 714
17 974
17 983
18 59
18 194
18 277
18 278
18 295
18 348
18 436
18 503
18 542
18 548
18 574
18 645
18 699
18 756
18 878
19 227
19 275
19 293
19 515
19 542
19 658
19 807
19 903
19 958
19 979
20 239
20 290
20 299
20 602
20 753
20 853
20 884
21 50
21 58
21 285
21 412
21 600
21 644
22 82
22 230
22 274
22 360
22 367
22 421
22 571
22 623
22 658
22 724
23 177
23 197
23 210
23 259
23 355
23 404
23 418
23 465
23 597
23 657
23 942
24 31
24 74
24 181
24 337
24 454
24 584
24 713
24 900
24 933
25 41
25 46
25 76
25 77
25 136
25 268
25 297
25 462
25 516
25 559
25 591
25 638
25 652
26 77
26 216
26 297
26 500
26 520
26 580
26 593
26 691
27 87
27 115
27 128
27 524
27 543
27 632
27 641
27 660
27 697
27 727
27 754
27 892
27 960
28 11
28 81
28 85
28 94
28 99
28 133
28 184
28 296
28 334
28 450
28 800
29 102
29 117
29 597
29 606
29 752
29 754
30 21
30 45
30 310
30 368
30 425
30 427
30 514
30 618
30 734
30 820
30 966
30 992
31 120
31 163
31 423
31 463
31 872
31 981
32 119
32 198
32 204
32 294
32 308
32 514
32 536
32 576
32 654
32 801
33 23
33 125
33 249
33 276
33 351
33 380
33 480
33 495
33 535
33 611
33 627
33 842
33 942
33 945
34 5
34 29
34 128
34 155
34 610
34 893
34 924
34 929
35 135
35 216
35 230
35 277
35 417
35 425
35 560
35 566
35 581
35 824
36 62
36 136
36 203
36 214
36 347
36 421
36 493
36 541
36 595
36 679
36 828
36 846
36 862
36 888
36 905
36 910
36 971
37 14
37 411
37 523
37 598
37 658
37 810
37 900
37 972
38 65
38 106
38 639
38 672
38 693
38 841
39 194
39 255
39 308
39 348
39 362
39 372
39 418
39 451
39 452
39 608
39 644
39 676
39 759
39 774
40 82
40 469
40 638
40 701
40 742
40 757
40 787
41 14
41 182
41 271
41 884
41 888
41 898
42 113
42 225
42 307
42 347
42 609
42 612
42 739
42 777
42 781
42 859
42 885
43 103
43 158
43 216
43 255
43 257
43 346
43 418
43 428
43 943
43 991
44 109
44 497
44 508
44 676
44 713
44 716
44 777
44 782
44 968
45 88
45 622
45 711
45 874
45 898
45 927
46 15
46 20
46 35
46 282
46 304
46 479
46 537
46 665
46 701
46 722
46 735
46 903
46 962
46 985
46 998
47 116
47 152
47 219
47 290
47 319
47 402
47 481
47 617
47 823
47 850
48 63
48 101
48 191
48 237
48 255
48 378
48 403
48 706
48 769
48 961
48 962
49 189
49 212
49 306
49 352
49 413
49 511
49 690
49 932
49 971
49 975
50 30
50 157
50 178
50 245
50 308
50 384
50 506
50 559
50 939
51 265
51 370
51 404
51 466
51 537
51 613
51 875
52 91
52 267
52 304
52 397
52 628
52 716
52 717
53 55
53 144
53 161
53 372
53 458
53 775
54 51
54 236
54 306
54 392
54 703
54 744
54 752
54 816
54 896
55 40
55 63
55 91
55 111
55 231
55 378
55 438
55 662
55 696
55 848
56 36
56 104
56 182
56 502
56 513
56 515
56 658
56 818
56 913
56 968
56 971
57 49
57 216
57 618
57 626
57 787
57 791
57 832
57 866
57 904
57 919
58 304
58 403
58 524
58 600
58 681
58 719
58 974
59 94
59 348
59 415
59 900
60 66
60 110
60 237
60 684
60 760
60 890
61 117
61 176
61 368
61 378
61 554
61 579
61 653
61 674
61 682
61 844
62 2
62 35
62 95
62 137
62 191
62 363
62 433
62 481
62 496
62 573
62 656
62 678
62 698
62 865
63 3
63 13
63 74
63 84
63 352
63 846
63 922
64 58
64 151
64 160
64 226
64 331
64 456
64 699
64 791
64 804
64 919
64 964
65 62
65 516
65 680
65 883
65 922
65 942
66 6
66 86
66 167
66 289
66 647
66 876
66 894
67 32
67 99
67 346
67 405
67 408
67 572
67 611
67 670
67 702
67 773
67 782
67 939
67 947
67 980
68 37
68 188
68 265
68 325
68 530
68 664
68 668
68 682
68 711
68 734
68 753
68 827
68 870
68 992
69 12
69 260
69 271
69 424
69 481
69 506
69 638
69 739
69 849
69 889
69 902
69 978
70 49
70 92
70 131
70 205
70 263
70 454
70 531
70 699
70 897
71 14
71 129
71 144
71 182
71 189
71 209
71 607
71 696
71 778
72 93
72 105
72 179
72 191
72 211
72 345
72 572
72 614
72 657
72 693
72 793
72 797
72 820
72 875
72 879
72 927
73 31
73 50
73 65
73 101
73 105
73 194
73 237
73 238
73 340
73 465
73 511
73 554
73 631
73 714
73 789
74 63
74 81
74 108
74 596
74 717
74 888
75 12
75 120
75 271
75 480
75 596
75 735
75 751
75 884
76 13
76 38
76 167
76 236
76 264
76 353
76 498
76 580
76 604
76 727
76 772
76 898
76 909
77 24
77 137
77 315
77 319
77 350
77 351
77 368
77 371
77 419
77 520
77 587
77 682
77 805
77 832
77 860
78 110
78 436
78 542
78 653
78 748
78 819
78 823
78 896
78 979
79 235
79 312
79 358
79 389
79 634
79 697
79 835
79 839
79 894
79 970
79 981
80 165
80 224
80 283
80 423
80 453
80 497
80 500
80 510
80 569
80 831
80 849
80 984
81 142
81 152
81 433
81 437
81 547
81 776
81 986
81 987
82 26
82 78
82 86
82 191
82 284
82 323
82 356
82 364
82 390
82 425
82 475
82 529
82 635
82 816
82 826
82 851
82 996
82 1000
83 93
83 201
83 211
83 217
83 279
83 491
83 519
83 540
83 628
83 633
83 856
83 979
83 996
84 69
84 107
84 239
84 287
84 589
84 622
84 735
84 742
84 984
85 27
85 156
85 272
85 285
85 522
85 549
85 774
85 784
85 956
85 981
86 110
86 142
86 959
87 61
87 252
87 314
87 387
87 561
87 661
87 736
87 752
87 807
87 948
87 977
88 193
88 274
88 295
88 316
88 367
88 736
88 761
88 800
88 806
88 875
88 877
88 918
89 71
89 83
89 129
89 141
89 411
89 440
89 549
89 593
89 735
89 824
89 999
90 133
90 168
90 185
90 191
90 308
90 354
90 463
90 474
90 507
90 562
90 648
90 813
90 847
90 870
91 10
91 114
91 235
91 265
91 280
91 525
91 721
91 863
91 890
92 161
92 185
92 298
92 308
92 390
92 391
92 414
92 426
92 471
92 597
92 758
92 795
92 903
93 290
93 292
93 413
93 421
93 531
93 532
93 633
93 709
93 728
93 751
93 820
93 858
93 935
94 43
94 235
94 268
94 345
94 427
94 482
94 635
94 898
95 52
95 140
95 165
95 275
95 353
96 142
96 264
96 286
96 381
96 409
96 430
96 566
96 570
96 720
96 786
96 849
96 963
97 24
97 155
97 310
97 383
97 636
97 673
97 674
97 689
97 854
98 12
98 83
98 149
98 232
98 244
98 262
98 294
98 310
98 322
98 376
98 488
98 552
98 637
98 691
98 735
99 17
99 198
99 237
99 406
99 479
99 571
99 609
99 625
99 803
99 809
100 134
100 239
100 245
100 263
100 277
100 287
100 314
100 373
100 521
100 876
101 4
101 16
101 51
101 192
101 459
101 469
101 549
101 583
101 617
101 686
101 835
101 842
101 867
102 1
102 61
102 89
102 170
102 228
102 599
102 621
102 682
102 871
103 31
103 177
103 282
103 356
103 415
103 535
103 702
103 828
103 943
103 949
103 963
104 65
104 315
104 318
104 384
104 438
104 447
104 690
104 701
104 987
105 4
105 97
105 359
105 414
105 546
105 593
105 605
105 674
105 923
106 168
106 255
106 270
106 281
106 287
106 366
106 505
106 569
106 857
106 943
107 83
107 171
107 191
107 254
107 310
107 462
107 750
107 785
107 979
108 13
108 101
108 309
108 477
108 503
108 521
108 688
108 998
109 77
109 520
109 634
109 646
109 651
109 707
109 730
109 903
110 42
110 74
110 154
110 538
110 580
110 730
110 745
110 836
110 860
110 912
110 938
111 68
111 130
111 212
111 243
111 485
111 487
111 719
111 914
112 53
112 188
112 354
112 586
112 615
112 648
112 704
112 713
112 734
112 837
113 154
113 159
113 269
113 283
113 344
113 636
113 655
113 691
113 755
113 880
113 920
113 981
114 182
114 224
114 254
114 257
114 308
114 478
114 522
115 74
115 172
115 205
115 272
115 456
115 510
115 765
115 772
115 868
115 948
116 100
116 251
116 255
116 359
116 398
116 456
116 493
116 523
116 608
116 692
116 715
116 750
116 770
116 898
116 912
117 64
117 114
117 220
117 241
117 244
117 298
117 452
117 496
117 563
117 654
117 774
118 160
118 188
118 198
118 200
118 260
118 476
118 690
118 830
119 200
119 202
119 257
119 340
119 444
119 566
119 682
119 716
119 906
119 948
119 974
120 90
120 312
120 740
120 919
120 936
120 997
121 31
121 48
121 129
121 194
121 196
121 560
121 579
121 599
121 672
121 706
121 828
121 853
121 880
121 942
122 142
122 279
122 387
122 390
122 399
122 425
122 915
123 72
123 74
123 117
123 151
123 171
123 183
123 301
123 304
123 556
123 610
123 650
123 750
123 890
124 120
124 270
124 294
124 359
124 408
124 414
124 442
124 459
124 548
124 771
124 981
124 988
125 86
125 127
125 206
125 277
125 338
125 411
125 487
125 634
125 754
125 873
125 884
126 44
126 164
126 382
126 423
126 641
126 656
126 658
126 698
126 710
126 933
126 954
127 147
127 155
127 171
127 186
127 234
127 278
127 440
127 488
127 547
127 651
127 798
128 61
128 221
128 286
128 303
128 753
128 845
128 886
129 80
129 131
129 284
129 404
129 459
129 476
129 505
129 538
129 649
129 723
129 938
130 120
130 165
130 176
130 179
130 209
130 225
130 306
130 467
130 500
130 653
130 710
130 771
130 824
130 936
130 972
131 164
131 207
131 424
131 462
131 670
131 702
131 953
132 53
132 106
132 178
132 288
132 300
132 820
133 110
133 155
133 169
133 209
133 458
134 76
134 160
134 243
134 434
134 744
134 976
135 18
135 23
135 236
135 334
135 501
135 515
135 524
136 16
136 33
136 73
136 196
136 541
136 684
136 807
136 873
137 12
137 36
137 124
137 307
137 456
137 513
137 770
137 819
138 63
138 307
138 380
138 526
138 801
138 824
138 842
138 866
139 48
139 58
139 127
139 205
139 295
139 389
139 679
139 932
139 934
140 173
140 237
140 257
140 304
140 318
140 573
140 640
140 662
140 735
140 759
140 861
141 364
141 389
141 414
141 567
141 618
141 651
141 768
141 814
141 823
141 949
142 201
142 245
142 346
142 538
142 615
142 631
142 652
142 776
142 785
142 932
142 981
143 111
143 370
143 394
143 453
143 462
143 519
143 607
143 742
143 778
144 48
144 328
144 488
144 636
144 878
145 116
145 138
145 168
145 180
145 245
145 437
145 571
145 624
145 925
146 14
146 25
146 37
146 114
146 246
146 316
146 376
146 386
146 402
146 506
146 541
146 700
146 751
146 924
146 966
147 46
147 138
147 174
147 491
147 590
147 654
147 693
147 696
147 708
148 111
148 574
148 810
148 816
148 999
149 55
149 77
149 224
149 250
149 304
149 375
149 440
149 475
149 504
149 509
149 518
149 634
149 793
149 831
149 833
149 849
149 937
149 987
150 101
150 132
150 164
150 405
150 503
150 545
150 591
150 631
150 672
150 768
150 788
150 817
150 847
150 940
150 947
151 206
151 239
151 262
151 322
151 385
151 411
151 672
151 750
151 777
151 835
151 912
151 920
151 992
152 60
152 72
152 91
152 110
152 128
152 375
152 398
152 409
152 523
152 595
152 662
152 781
152 831
152 945
153 26
153 225
153 510
153 539
153 623
153 992
154 212
154 310
154 384
154 385
154 410
154 581
154 595
154 668
154 803
154 928
154 997
155 3
155 55
155 120
155 169
155 173
155 340
155 372
155 429
155 459
155 533
155 565
155 730
155 813
156 87
156 259
156 260
156 320
156 557
156 666
156 688
156 801
156 929
157 10
157 95
157 130
157 132
157 284
157 462
157 494
157 549
157 585
157 730
157 766
157 775
157 856
157 911
158 9
158 93
158 202
158 549
158 594
158 745
158 789
158 899
158 907
158 968
158 980
159 257
159 279
159 383
159 614
159 631
159 707
159 711
159 807
159 943
160 72
160 344
160 409
160 489
160 697
160 757
160 775
160 883
161 148
161 170
161 308
161 563
161 608
161 621
161 690
161 716
161 725
161 883
161 900
161 911
161 961
162 91
162 116
162 157
162 267
162 677
162 688
162 756
162 829
163 337
163 350
163 430
163 432
163 479
163 528
163 600
163 663
163 693
163 775
163 802
163 882
164 11
164 80
164 238
164 260
164 278
164 556
164 560
164 563
164 645
164 857
164 970
165 261
165 375
165 377
165 447
165 622
165 771
165 815
165 906
166 21
166 114
166 353
166 865
166 870
167 32
167 111
167 276
167 397
167 491
167 505
167 601
167 809
168 86
168 103
168 238
168 247
168 399
168 516
168 689
168 705
168 816
168 986
169 214
169 339
169 364
169 373
169 506
169 723
169 854
170 182
170 298
170 417
170 467
170 644
170 662
170 697
170 740
170 941
170 951
171 137
171 162
171 187
171 212
171 225
171 410
171 572
171 644
171 683
171 700
171 726
171 749
171 838
171 861
171 921
172 36
172 90
172 210
172 361
172 448
172 485
172 491
172 709
172 724
172 817
172 839
172 840
173 57
173 196
173 228
173 246
173 275
173 489
173 538
173 626
173 650
173 662
173 670
173 735
173 820
173 997
174 4
174 23
174 26
174 42
174 88
174 131
174 324
174 332
174 355
174 358
174 746
174 788
175 167
175 202
175 386
175 482
175 524
175 563
175 803
175 828
175 897
176 51
176 99
176 454
176 554
176 639
176 663
176 706
177 13
177 176
177 251
177 420
177 508
177 575
177 616
177 626
177 664
177 993
178 37
178 52
178 185
178 203
178 464
178 474
178 480
178 528
178 600
178 989
179 89
179 107
179 244
179 286
179 291
179 361
179 496
179 726
179 787
179 795
179 897
179 984
180 29
180 112
180 160
180 183
180 215
180 242
180 271
180 494
180 526
180 540
180 652
180 763
180 786
180 937
181 28
181 42
181 108
181 290
181 387
181 486
181 571
181 743
181 833
181 907
181 911
181 917
181 994
182 14
182 47
182 160
182 186
182 276
182 312
182 515
182 558
182 636
182 669
182 864
182 995
183 75
183 182
183 305
183 318
183 319
183 340
183 357
183 445
183 581
183 769
184 76
184 99
184 343
184 357
184 410
184 569
184 614
184 709
184 876
185 164
185 182
185 190
185 191
185 233
185 291
185 336
185 505
185 700
185 794
185 881
186 99
186 199
186 282
186 287
186 364
186 370
186 381
186 388
186 402
186 436
186 586
186 635
186 707
187 82
187 344
187 400
187 503
187 595
187 630
187 636
187 708
187 910
188 56
188 165
188 274
188 319
188 355
188 429
188 568
188 696
188 953
188 966
189 179
189 361
189 536
189 561
189 592
189 643
189 686
189 733
189 745
189 775
189 888
189 919
189 941
189 965
189 989
190 28
190 235
190 284
190 297
190 396
190 428
190 458
190 546
190 555
190 689
190 769
190 921
191 28
191 103
191 107
191 331
191 432
191 460
191 569
191 614
191 801
191 830
191 848
191 887
192 25
192 282
192 336
192 470
192 526
192 652
192 767
192 808
192 856
192 895
192 913
193 53
193 102
193 189
193 291
193 296
193 391
193 479
193 550
193 592
193 703
193 795
193 861
194 89
194 349
194 431
194 471
194 782
194 819
194 953
195 40
195 244
195 304
195 338
195 376
195 637
195 670
195 681
195 826
196 85
196 197
196 330
196 396
196 687
196 704
196 812
197 10
197 32
197 56
197 67
197 283
197 336
197 483
197 493
197 523
197 814
197 825
198 242
198 254
198 283
198 319
198 385
198 587
198 618
198 710
198 723
198 876
199 35
199 439
199 613
199 662
199 706
199 751
199 968
200 153
200 841
201 60
201 508
201 614
201 630
201 711
201 718
201 770
201 784
201 890
201 980
201 997
202 187
202 390
202 430
202 455
202 460
202 491
202 576
202 610
202 665
202 814
202 935
203 148
203 171
203 209
203 288
203 535
203 750
203 838
203 880
203 946
203 996
204 126
204 158
204 296
204 520
204 530
204 826
204 894
204 993
205 37
205 223
205 446
205 651
205 705
205 727
205 745
205 757
205 787
205 914
206 4
206 14
206 42
206 249
206 388
206 529
206 579
206 703
207 54
207 217
207 696
207 947
208 8
208 40
208 113
208 182
208 196
208 220
208 407
208 448
208 500
208 537
208 567
208 961
209 160
209 301
209 527
209 574
209 798
209 925
210 2
210 155
210 376
210 380
210 403
210 422
210 470
210 625
210 700
210 719
210 980
211 35
211 239
211 409
211 452
211 483
211 550
211 709
211 760
211 826
212 77
212 571
212 646
212 714
212 724
212 758
212 798
212 858
213 73
213 128
213 185
213 198
213 251
213 254
213 319
213 421
213 484
213 588
213 609
213 662
213 844
213 904
214 52
214 66
214 133
214 136
214 203
214 244
214 248
214 331
214 357
214 511
214 795
215 260
215 269
215 304
215 316
215 356
215 540
215 639
215 667
215 669
215 776
215 820
215 908
215 916
215 947
215 994
216 57
216 96
216 185
216 215
216 256
216 267
216 322
216 325
216 441
216 455
216 526
216 535
216 572
216 576
216 673
216 812
216 996
217 27
217 91
217 182
217 270
217 391
217 557
217 913
217 931
217 965
218 45
218 438
218 446
218 478
218 527
218 646
218 740
219 215
219 246
219 256
219 278
219 304
219 324
219 388
219 542
219 739
219 815
219 868
219 924
220 80
220 82
220 92
220 164
220 251
220 308
220 341
220 342
220 379
220 501
220 541
220 558
220 561
220 587
220 606
220 788
220 815
220 829
220 924
220 946
220 956
220 979
221 58
221 273
221 696
221 849
221 864
221 997
222 132
222 503
222 507
222 568
222 856
222 943
222 952
222 981
223 41
223 213
223 510
223 606
223 699
223 841
223 968
224 22
224 119
224 126
224 175
224 255
224 318
224 461
224 789
225 168
225 176
225 228
225 343
225 410
225 436
225 608
225 680
225 880
225 889
225 945
226 48
226 131
226 159
226 572
226 595
226 621
226 837
226 843
227 12
227 17
227 187
227 253
227 651
227 887
227 949
227 954
228 222
228 370
228 409
228 432
228 437
228 442
228 583
228 734
228 793
228 924
228 925
228 989
229 176
229 269
229 379
229 391
229 403
229 735
229 841
229 946
229 995
230 6
230 13
230 98
230 104
230 140
230 170
230 419
230 533
230 645
230 649
230 786
230 833
230 917
230 942
230 973
231 35
231 533
231 602
231 614
231 638
231 665
231 667
231 693
231 709
231 728
231 737
231 752
231 753
231 825
231 931
232 18
232 357
232 371
232 574
232 577
232 792
232 821
232 846
232 974
233 10
233 132
233 147
233 149
233 202
233 285
233 302
233 400
233 587
233 618
234 31
234 81
234 121
234 194
234 201
234 306
234 440
234 459
234 608
234 646
234 674
234 688
234 786
234 944
235 57
235 197
235 257
235 352
235 426
235 675
235 893
236 63
236 172
236 287
236 376
236 411
236 436
236 649
237 54
237 211
237 337
237 575
237 588
238 117
238 118
238 138
238 191
238 352
238 424
238 691
238 735
238 844
239 67
239 210
239 212
239 257
239 264
239 314
239 323
239 383
239 457
239 605
239 731
239 754
239 789
239 826
239 866
239 883
239 905
240 175
240 191
240 313
240 316
240 346
240 398
240 469
240 740
240 763
240 815
240 934
241 335
241 339
241 422
241 480
241 559
241 613
241 815
241 956
241 960
242 227
242 308
242 763
242 923
242 984
243 335
243 378
243 477
243 685
243 800
243 803
243 811
243 842
243 877
244 227
244 259
244 276
244 294
244 295
244 458
244 467
244 534
244 539
244 557
244 578
244 623
244 686
244 734
244 811
244 878
244 958
244 963
245 256
245 271
245 581
245 714
246 32
246 282
246 287
246 318
246 372
246 684
246 696
246 759
246 897
247 192
247 336
247 407
247 745
247 746
247 778
247 886
248 110
248 227
248 239
248 454
248 810
248 966
249 172
249 178
249 194
249 282
249 333
249 515
249 588
249 602
249 613
249 670
249 805
249 839
249 853
249 855
249 921
249 923
250 16
250 180
250 186
250 188
250 264
250 278
250 374
250 859
250 860
250 896
250 902
250 995
251 74
251 360
251 452
251 603
251 937
252 365
252 477
252 681
252 788
252 804
253 9
253 94
253 398
253 408
254 90
254 382
254 460
254 565
254 664
254 836
254 848
254 885
254 904
254 919
255 186
255 311
255 419
255 683
255 870
255 889
255 995
256 17
256 64
256 277
256 469
256 471
256 498
256 597
256 660
256 699
256 721
256 800
256 806
256 862
256 892
257 74
257 187
257 286
257 335
257 389
257 413
257 446
257 628
257 665
257 702
257 873
258 89
258 260
258 376
258 401
258 549
258 657
258 676
258 795
258 864
258 890
259 226
259 318
259 544
259 676
259 903
260 24
260 96
260 128
260 170
260 391
260 409
260 569
260 671
260 797
260 877
261 211
261 245
261 506
261 689
261 856
261 897
262 19
262 135
262 141
262 176
262 258
262 340
262 361
262 587
262 756
262 759
262 764
262 772
262 812
262 835
262 973
263 88
263 151
263 214
263 366
263 388
263 394
263 462
263 710
263 721
263 756
264 16
264 70
264 76
264 175
264 241
264 259
264 292
264 340
264 400
264 451
264 609
264 618
264 658
264 721
264 735
264 804
264 834
264 902
264 937
265 25
265 375
265 417
265 528
265 618
265 671
266 14
266 333
266 423
266 535
266 560
266 796
266 828
266 849
266 992
267 388
267 418
267 430
267 478
267 733
267 978
268 5
268 21
268 243
268 389
268 801
268 992
269 226
269 279
269 341
269 417
269 595
269 705
269 712
269 829
269 844
270 87
270 133
270 189
270 294
270 322
270 505
270 580
270 699
270 887
270 889
271 106
271 116
271 292
271 379
271 498
271 519
271 573
271 650
271 840
271 999
272 96
272 206
272 207
272 242
272 358
272 408
272 444
272 493
272 555
272 698
272 874
272 942
272 972
273 14
273 309
273 410
273 482
273 807
273 863
273 940
273 941
273 976
274 74
274 124
274 146
274 187
274 449
274 534
274 574
274 631
274 671
274 810
274 833
274 954
274 979
275 19
275 35
275 119
275 322
275 668
275 929
275 998
276 83
276 181
276 211
276 262
276 320
276 367
276 399
276 419
276 443
276 538
276 853
276 857
276 933
276 980
277 16
277 138
277 361
277 433
277 626
277 648
277 686
277 695
277 719
277 731
277 737
277 784
277 837
277 971
278 37
278 101
278 197
278 229
278 301
278 321
278 330
278 388
278 415
278 572
278 640
278 676
278 749
278 752
278 758
278 793
278 933
279 27
279 57
279 346
279 392
279 500
279 567
279 588
279 647
279 770
280 121
280 346
280 436
280 510
280 516
280 581
280 649
280 663
280 672
281 150
281 203
281 267
281 383
281 401
281 595
281 610
281 814
281 863
282 378
282 421
282 557
282 572
282 614
282 651
282 720
282 815
283 21
283 135
283 226
283 232
283 319
283 488
283 659
283 918
283 942
283 953
284 77
284 135
284 179
284 237
284 729
285 58
285 183
285 421
285 550
285 729
285 805
285 951
286 126
286 309
286 392
286 408
286 423
286 520
286 553
286 723
286 740
286 820
286 854
287 523
287 685
287 738
287 935
288 69
288 134
288 242
288 243
288 245
288 304
288 506
288 669
288 818
288 882
288 897
288 978
289 380
289 505
289 542
289 614
289 627
289 658
289 692
289 713
289 766
289 910
290 49
290 51
290 65
290 152
290 202
290 357
290 664
290 775
290 786
291 224
291 326
291 334
291 376
291 863
291 870
291 893
291 918
292 17
292 32
292 60
292 308
292 420
292 545
292 567
292 954
293 5
293 58
293 105
293 129
293 182
293 534
293 541
293 600
293 682
293 865
293 906
293 944
294 11
294 82
294 208
294 215
294 246
294 343
294 622
294 704
295 357
295 359
295 463
295 524
295 573
295 579
295 806
295 900
295 912
295 927
295 933
296 141
296 244
296 302
296 321
296 373
296 384
296 490
296 522
296 540
296 591
296 670
296 687
296 696
296 872
297 73
297 93
297 104
297 152
297 154
297 159
297 160
297 183
297 197
297 335
297 460
297 636
297 671
297 700
297 809
297 880
297 952
297 956
297 994
297 996
298 36
298 217
298 282
298 569
298 591
298 741
298 762
298 787
298 812
298 873
299 211
299 396
299 419
299 421
299 450
299 676
299 714
299 756
299 909
300 73
300 125
300 288
300 362
300 459
300 529
300 566
300 623
300 658
300 678
300 768
300 774
300 797
300 806
300 868
301 252
301 274
301 429
301 494
301 513
301 660
301 691
301 751
301 802
301 826
301 848
301 909
302 12
302 92
302 346
302 364
302 459
302 473
302 636
302 644
302 671
302 678
302 684
302 953
302 998
303 5
303 69
303 102
303 285
303 343
303 525
303 554
303 797
303 802
303 994
304 64
304 78
304 149
304 166
304 177
304 214
304 476
304 507
304 601
304 678
304 689
304 785
304 787
304 808
304 841
304 842
304 925
304 987
305 13
305 73
305 112
305 188
305 215
305 276
305 513
305 538
305 544
305 678
305 712
305 717
305 794
305 812
305 863
305 906
305 911
305 932
306 14
306 255
306 340
306 381
306 595
306 962
307 124
307 192
307 248
307 310
307 312
307 712
307 908
307 935
307 946
307 977
308 17
308 307
308 367
308 394
308 518
308 872
308 920
308 925
308 961
309 16
309 60
309 77
309 240
309 270
309 415
309 691
309 706
309 885
309 971
310 78
310 158
310 232
310 357
310 494
310 554
310 614
310 798
310 841
310 991
311 244
311 263
311 285
311 351
311 391
311 394
311 481
311 557
311 560
311 587
311 609
311 614
311 975
312 10
312 45
312 53
312 102
312 111
312 155
312 190
312 250
312 296
312 386
312 421
312 532
312 880
312 891
312 987
313 37
313 52
313 140
313 189
313 251
313 295
313 530
313 648
313 661
313 669
313 724
313 733
313 776
313 820
313 833
313 880
313 945
313 957
313 986
313 994
314 43
314 357
314 427
314 464
314 521
314 579
314 611
314 828
314 889
314 980
315 240
315 491
315 507
315 525
315 596
315 669
315 762
315 899
316 197
316 366
316 456
316 530
316 622
316 694
316 791
316 793
316 857
316 887
316 937
317 144
317 237
317 256
317 263
317 455
317 568
317 649
317 675
317 747
317 798
317 877
318 118
318 431
318 500
318 591
318 718
318 766
318 887
318 945
318 981
319 69
319 80
319 118
319 149
319 707
319 751
319 916
320 18
320 77
320 138
320 300
320 373
320 452
320 554
320 563
320 690
320 986
321 102
321 458
321 560
321 630
321 662
321 688
321 719
321 822
321 923
321 927
321 991
322 4
322 24
322 201
322 301
322 394
322 420
322 614
322 620
322 923
323 67
323 79
323 100
323 176
323 200
323 209
323 489
323 536
323 817
323 834
323 840
323 897
323 958
323 999
324 194
324 236
324 316
324 442
324 462
324 540
324 611
324 634
324 985
325 50
325 109
325 363
325 373
325 412
325 549
325 589
326 103
326 178
326 262
326 285
326 335
326 402
326 420
326 527
326 579
326 668
326 797
326 827
326 895
327 250
327 269
327 383
327 601
327 612
327 750
327 806
327 945
327 956
327 980
327 998
328 68
328 410
328 474
328 600
328 713
328 803
329 232
329 314
329 336
329 529
329 671
329 702
329 715
329 806
330 6
330 118
330 193
330 381
330 586
330 628
330 674
330 687
330 693
330 769
330 865
330 887
330 935
331 134
331 248
331 316
331 456
331 541
331 793
331 864
331 913
331 951
332 41
332 249
332 266
332 356
332 645
332 748
332 921
332 966
332 979
333 196
333 254
333 432
333 572
333 790
334 71
334 127
334 489
334 535
334 548
334 590
334 749
334 765
334 904
334 924
334 942
335 4
335 35
335 186
335 327
335 373
335 380
335 524
335 548
335 561
335 836
335 890
335 936
335 959
336 159
336 231
336 387
336 389
336 575
336 746
337 225
337 411
337 469
338 100
338 302
338 575
338 757
338 845
338 896
338 959
339 107
339 423
339 609
339 781
339 862
340 50
340 75
340 76
340 169
340 326
340 381
340 524
340 634
340 685
340 959
341 188
341 589
341 765
341 808
341 841
341 1000
342 103
342 404
342 863
342 912
342 984
342 994
343 42
343 59
343 155
343 384
343 646
343 658
343 905
343 988
344 201
344 253
344 371
344 447
344 569
344 650
344 686
344 691
344 817
344 873
344 931
345 155
345 212
345 222
345 243
345 701
345 962
346 213
346 250
346 263
346 278
346 363
346 379
346 411
346 481
346 779
346 821
346 837
346 892
346 954
347 52
347 260
347 264
347 317
347 376
347 391
347 407
347 450
347 512
347 527
347 552
347 609
347 725
347 782
347 813
347 842
347 993
348 26
348 56
348 111
348 187
348 216
348 261
348 400
348 407
348 558
348 776
348 869
349 7
349 37
349 45
349 119
349 259
349 481
349 498
349 602
349 604
349 800
349 833
349 934
350 53
350 61
350 304
350 333
350 374
350 408
350 454
350 762
350 789
350 939
350 987
351 30
351 52
351 76
351 348
351 384
351 741
351 789
351 790
351 859
351 986
351 989
352 209
352 281
352 486
352 656
352 744
352 782
352 959
353 8
353 37
353 58
353 143
353 283
353 483
353 514
353 637
353 853
353 931
353 962
354 4
354 17
354 212
354 234
354 287
354 290
354 388
354 485
354 486
354 491
354 540
354 804
355 136
355 159
355 387
355 577
355 717
355 728
355 771
355 889
355 962
356 25
356 73
356 94
356 106
356 559
356 641
356 668
356 680
356 758
356 979
357 103
357 135
357 203
357 331
357 352
357 399
357 463
357 648
357 707
357 765
358 108
358 248
358 397
358 421
358 519
358 595
358 619
358 686
359 36
359 115
359 130
359 137
359 154
359 228
359 515
359 646
359 718
359 924
360 38
360 305
360 463
360 544
360 930
360 952
361 216
361 300
361 379
361 465
361 485
361 504
361 611
361 644
361 664
361 707
361 793
361 805
361 842
361 918
361 926
362 53
362 94
362 328
362 337
362 456
362 458
362 573
362 629
362 677
363 284
363 472
363 587
363 695
363 874
363 885
364 155
364 365
364 636
364 691
364 842
364 882
364 971
365 67
365 166
365 179
365 319
365 419
365 463
365 548
365 588
365 680
365 687
365 713
365 841
365 872
366 14
366 58
366 67
366 138
366 227
366 353
366 544
366 545
366 586
366 591
366 754
366 765
366 860
366 900
367 125
367 257
367 304
367 340
367 341
367 359
367 428
367 562
367 686
367 878
367 899
368 167
368 193
368 400
368 468
368 542
368 589
368 623
368 739
369 66
369 145
369 175
369 204
369 267
369 330
369 358
369 517
369 549
369 692
370 73
370 112
370 174
370 198
370 232
370 243
370 270
370 285
370 522
370 791
371 55
371 212
371 459
371 861
372 72
372 191
372 193
372 509
372 541
372 581
372 823
373 33
373 52
373 114
373 381
373 478
373 516
373 543
373 590
373 719
373 757
373 900
373 910
373 912
374 91
374 106
374 364
374 857
375 59
375 163
375 240
375 360
375 499
375 591
375 764
375 815
376 54
376 55
376 131
376 476
376 604
376 666
376 711
376 857
376 926
376 969
377 118
377 124
377 141
377 224
377 335
377 494
377 584
377 788
377 961
378 43
378 89
378 363
378 387
378 732
378 778
378 794
378 807
378 858
378 987
379 164
379 279
379 299
379 318
379 370
379 451
379 681
379 716
379 733
379 833
379 965
379 974
380 41
380 305
380 366
380 532
380 540
380 550
380 553
380 796
380 842
380 903
380 942
381 16
381 19
381 29
381 183
381 351
381 780
381 930
382 455
382 587
382 617
382 635
382 787
382 880
382 935
382 950
382 958
383 14
383 262
383 409
383 458
383 494
383 603
383 615
383 817
384 35
384 82
384 123
384 160
384 170
384 182
384 304
384 317
384 449
384 491
384 511
384 595
384 600
384 628
384 781
384 783
384 951
384 963
384 998
385 2
385 138
385 146
385 303
385 359
385 624
385 720
385 731
385 756
385 766
385 913
385 921
385 924
385 938
386 146
386 208
386 255
386 348
386 396
386 439
386 448
386 535
386 597
386 620
386 692
386 723
386 799
386 878
386 962
387 1
387 29
387 215
387 221
387 517
387 724
387 727
387 782
387 904
387 909
387 912
388 60
388 86
388 194
388 394
388 480
388 508
388 526
388 532
388 801
389 76
389 100
389 190
389 278
389 286
389 307
389 316
389 664
389 808
389 857
390 16
390 21
390 59
390 120
390 128
390 187
390 291
390 361
390 413
390 432
390 525
390 577
390 907
390 960
391 31
391 73
391 123
391 140
391 185
391 262
391 348
391 457
391 506
391 610
391 633
391 654
391 980
392 60
392 129
392 288
392 454
392 670
392 687
392 753
392 854
392 944
393 13
393 168
393 249
393 280
393 281
393 304
393 349
393 478
393 722
393 761
393 766
393 795
394 86
394 105
394 237
394 297
394 333
394 529
394 546
394 826
394 842
394 905
395 413
395 425
395 494
395 627
395 772
395 826
395 904
395 968
396 46
396 91
396 199
396 642
396 654
396 694
396 759
396 789
396 814
396 905
397 154
397 439
397 456
397 704
397 780
397 789
397 997
398 129
398 151
398 203
398 276
398 350
398 458
398 710
398 844
398 847
398 968
399 18
399 96
399 434
399 521
399 713
399 946
399 969
399 997
400 11
400 53
400 121
400 437
400 496
400 551
400 692
400 767
400 804
400 859
401 22
401 407
401 436
401 536
402 51
402 54
402 213
402 222
402 228
402 345
402 587
402 645
402 734
402 752
402 760
402 782
402 791
402 907
402 915
402 958
403 17
403 32
403 136
403 176
403 261
403 386
403 487
403 696
403 866
403 911
404 245
404 275
404 350
404 488
404 963
405 17
405 203
405 244
405 283
405 660
405 721
405 855
405 910
405 934
405 977
406 79
406 102
406 113
406 553
406 588
406 627
406 719
406 749
406 773
406 809
406 934
406 952
407 34
407 252
407 510
407 564
407 635
407 642
407 774
407 779
407 858
408 298
408 302
408 322
408 367
408 376
408 435
408 505
408 602
408 622
408 808
408 823
408 850
408 881
408 894
408 1000
409 90
409 168
409 282
409 400
409 474
409 489
409 543
409 550
409 556
409 666
409 819
410 116
410 272
410 465
410 626
410 680
410 740
410 777
411 2
411 13
411 26
411 66
411 82
411 87
411 206
411 227
411 335
411 432
411 672
411 889
411 899
411 979
412 21
412 70
412 187
412 269
412 294
412 456
412 550
412 572
412 599
412 760
412 785
412 947
412 976
413 13
413 465
413 495
413 533
413 578
413 745
413 855
413 928
414 4
414 40
414 79
414 497
414 575
414 631
414 658
414 693
414 716
414 771
414 812
414 936
414 938
414 944
415 188
415 244
415 250
415 306
415 673
415 763
415 891
415 918
416 36
416 192
416 352
416 434
416 478
416 560
416 695
416 715
416 739
416 844
417 3
417 91
417 140
417 343
417 448
417 461
417 602
417 630
417 890
418 79
418 152
418 265
418 362
418 503
418 621
418 769
418 797
418 894
418 931
419 28
419 66
419 102
419 219
419 602
419 796
419 843
419 964
420 242
420 401
420 500
420 515
420 518
420 585
420 625
420 659
420 726
420 828
420 880
421 18
421 117
421 661
421 796
422 30
422 485
422 657
423 210
423 411
423 540
423 741
423 769
424 10
424 27
424 63
424 144
424 760
424 778
424 828
424 875
424 974
425 15
425 26
425 29
425 108
425 415
425 482
425 483
425 534
425 572
425 625
425 656
425 657
425 786
425 842
425 958
426 179
426 249
426 255
426 348
426 377
426 425
426 482
426 643
426 675
427 206
427 225
427 254
427 346
427 372
427 467
427 517
427 745
427 776
427 843
427 867
427 869
428 77
428 121
428 233
428 363
428 364
428 406
428 433
428 473
428 521
428 531
428 550
428 637
428 723
428 754
428 772
428 844
429 183
429 205
429 217
429 296
429 387
429 416
429 465
429 557
429 682
429 772
429 815
429 821
430 22
430 53
430 58
430 154
430 171
430 181
430 284
430 684
430 858
431 17
431 91
431 376
431 804
431 971
431 991
432 23
432 216
432 425
432 429
432 794
432 839
432 868
432 916
432 927
432 996
433 327
433 349
433 372
433 415
433 458
433 511
433 776
433 837
434 177
434 198
434 338
434 372
434 502
434 727
434 743
434 862
434 930
434 939
435 7
435 48
435 152
435 266
435 319
435 429
435 450
435 517
435 546
435 550
435 564
435 605
435 826
436 65
436 158
436 287
436 307
436 542
436 562
436 636
436 680
436 857
436 901
436 931
436 987
437 113
437 219
437 284
437 484
437 518
437 738
437 977
438 51
438 404
438 670
438 747
438 977
438 994
439 1
439 190
439 255
439 258
439 261
439 351
439 406
439 518
439 583
439 946
440 65
440 138
440 141
440 165
440 239
440 376
440 386
440 419
440 453
440 624
440 645
440 669
440 698
441 9
441 29
441 180
441 215
441 263
441 266
441 302
441 429
441 480
441 603
441 627
441 718
441 800
441 880
442 34
442 66
442 86
442 218
442 268
442 438
442 536
442 722
442 815
442 894
442 966
443 77
443 165
443 336
443 351
443 426
443 441
443 630
443 784
443 800
443 948
444 15
444 243
444 344
444 550
444 593
444 896
444 977
445 13
445 251
445 312
445 315
445 330
445 417
445 587
445 608
445 665
445 722
445 792
445 933
445 944
445 971
446 177
446 270
446 323
446 426
446 635
446 717
446 719
446 786
446 828
446 832
446 923
446 997
447 86
447 146
447 443
447 498
447 615
447 648
447 785
447 922
448 36
448 91
448 153
448 241
448 312
448 622
448 722
448 725
448 785
448 825
448 837
449 293
449 524
449 658
449 717
449 750
449 884
449 995
449 999
450 2
450 6
450 236
450 295
450 419
450 551
450 617
450 776
450 900
451 15
451 65
451 69
451 487
451 623
451 674
451 682
451 705
451 733
452 34
452 272
452 469
452 481
452 717
453 330
453 369
453 713
453 741
453 828
453 839
453 909
453 938
454 20
454 139
454 141
454 223
454 231
454 644
454 772
454 835
454 844
455 9
455 105
455 174
455 273
455 361
455 475
455 512
455 523
455 525
455 599
455 673
455 709
455 720
455 892
455 986
456 253
456 320
456 328
456 364
456 545
456 749
457 39
457 256
457 308
457 393
457 421
457 440
457 702
457 708
457 821
457 844
457 948
458 131
458 281
458 319
458 344
458 418
458 615
458 803
458 913
458 958
459 105
459 432
459 563
459 694
459 857
459 964
459 996
460 12
460 17
460 133
460 301
460 444
460 678
460 870
460 871
460 953
461 44
461 167
461 224
461 256
461 333
461 349
461 465
461 498
461 636
461 713
461 745
461 850
461 987
462 115
462 122
462 240
462 263
462 329
462 440
462 681
462 866
462 887
462 987
463 15
463 275
463 294
463 346
463 349
463 408
463 769
463 781
463 783
463 785
463 911
464 27
464 175
464 266
464 301
464 347
464 492
464 495
464 659
464 705
464 839
464 898
464 901
464 917
464 921
464 975
465 75
465 285
465 293
465 411
465 470
465 541
465 580
465 717
465 760
465 969
466 175
466 297
466 360
466 590
466 884
466 974
467 84
467 275
467 297
467 322
467 407
467 541
467 660
467 673
467 756
467 867
467 970
468 35
468 204
468 274
468 361
468 723
468 957
468 975
469 131
469 212
469 266
469 357
469 414
469 459
469 476
469 672
469 790
470 91
470 211
470 442
470 530
470 713
470 858
470 952
470 970
471 37
471 68
471 90
471 207
471 312
471 362
471 364
471 366
471 436
471 491
471 699
472 206
472 226
472 395
472 629
472 660
472 673
472 753
472 793
472 823
472 917
473 134
473 139
473 141
473 208
473 255
473 367
473 426
473 436
473 582
473 638
473 789
474 45
474 93
474 215
474 291
474 352
474 484
474 559
474 668
474 711
474 726
474 832
474 965
475 5
475 87
475 252
475 361
475 429
475 513
475 542
475 685
475 848
475 853
475 876
475 1000
476 75
476 84
476 282
476 338
476 391
476 581
476 730
476 957
476 982
477 4
477 14
477 108
477 180
477 264
477 312
477 365
477 378
477 427
477 505
477 627
477 709
477 752
477 753
477 793
477 818
478 154
478 313
478 352
478 400
478 414
478 454
478 468
478 498
478 520
478 530
478 804
478 825
478 902
479 16
479 251
479 441
479 474
479 510
479 589
479 851
479 854
479 865
479 969
479 998
480 42
480 259
480 401
480 453
480 454
480 578
480 673
480 715
480 733
480 735
480 737
480 876
480 909
481 19
481 73
481 247
481 404
481 529
481 554
481 667
481 886
481 917
482 132
482 300
482 394
482 429
482 536
482 551
482 577
482 588
482 679
482 724
482 779
482 973
482 991
483 48
483 153
483 197
483 243
483 729
483 753
483 774
483 937
484 48
484 55
484 302
484 530
484 540
484 602
484 607
484 629
484 754
484 755
484 798
484 852
484 875
484 895
485 43
485 81
485 376
485 395
485 472
485 520
485 555
485 771
485 825
485 908
485 923
486 45
486 70
486 228
486 249
486 309
486 325
486 434
486 489
486 577
486 820
486 944
487 256
487 391
487 446
487 678
487 695
487 718
487 721
487 729
488 86
488 420
488 707
488 739
488 776
488 862
488 866
488 908
488 927
489 4
489 200
489 207
489 323
489 358
489 374
489 419
489 546
489 580
489 609
489 647
489 717
489 789
489 795
489 899
490 7
490 22
490 105
490 232
490 253
490 315
490 320
490 327
490 359
490 426
490 463
490 483
490 539
490 544
490 576
490 841
490 902
490 987
491 12
491 25
491 211
491 494
491 743
491 798
491 811
491 868
491 939
492 138
492 381
492 426
492 609
492 790
492 843
492 867
492 918
493 126
493 165
493 315
493 347
493 546
493 617
493 840
493 887
493 937
493 946
494 315
494 589
494 758
494 922
495 96
495 320
495 364
495 667
495 814
495 905
496 50
496 273
496 313
496 550
496 611
496 760
497 2
497 170
497 226
497 318
497 341
497 434
497 478
497 523
497 576
497 621
497 668
497 957
498 78
498 297
498 321
498 901
498 952
498 987
499 6
499 136
499 232
499 250
499 256
499 307
499 578
499 787
499 791
499 803
499 930
500 41
500 88
500 106
500 157
500 158
500 170
500 280
500 802
500 866
500 910
501 1
501 14
501 143
501 183
501 381
501 400
501 463
501 630
501 696
501 717
501 733
501 843
501 870
501 922
502 74
502 87
502 163
502 345
502 355
502 475
502 531
502 639
502 827
502 992
503 85
503 89
503 107
503 113
503 134
503 288
503 309
503 439
503 592
503 596
503 652
503 720
503 796
503 997
504 63
504 129
504 355
504 378
504 455
504 503
504 517
504 663
504 735
504 792
505 20
505 197
505 373
505 510
505 593
505 651
505 690
505 725
505 744
505 862
505 983
506 103
506 514
506 544
506 686
506 712
506 749
506 778
506 790
506 808
507 253
507 322
507 386
507 395
507 442
507 535
507 621
507 679
507 703
507 797
507 806
508 209
508 280
508 353
508 479
508 637
508 653
508 707
508 740
509 308
509 340
509 366
509 575
509 668
509 779
509 833
509 961
510 46
510 52
510 219
510 380
510 396
510 466
510 541
510 581
510 668
510 786
510 904
510 930
510 986
511 10
511 14
511 120
511 142
511 171
511 224
511 454
511 487
511 602
511 782
511 844
511 849
511 989
512 64
512 115
512 377
512 431
512 521
512 562
512 600
512 710
512 888
512 892
512 992
513 321
513 362
513 456
513 528
513 998
514 115
514 163
514 376
514 380
514 428
514 853
514 890
514 945
514 973
515 264
515 321
515 344
515 554
515 706
515 911
515 942
516 3
516 40
516 291
516 301
516 431
516 551
516 606
516 795
516 859
516 903
516 915
517 81
517 267
517 274
517 330
517 337
517 385
517 400
517 513
517 518
517 847
517 866
517 976
518 32
518 198
518 390
518 564
518 622
518 628
518 654
518 784
518 948
519 74
519 108
519 158
519 169
519 181
519 251
519 269
519 288
519 401
519 438
519 516
519 607
519 635
519 644
519 666
519 699
519 710
519 763
519 936
519 980
520 114
520 116
520 477
520 634
520 673
520 877
520 891
520 998
521 23
521 73
521 172
521 292
521 461
521 541
521 640
521 657
521 751
521 849
521 967
522 81
522 97
522 292
522 529
522 550
522 613
522 627
522 648
522 655
522 735
522 758
522 786
522 879
523 60
523 144
523 210
523 309
523 312
523 662
523 764
523 783
523 829
523 860
524 30
524 137
524 305
524 547
524 577
524 743
524 758
524 859
524 918
524 958
525 521
525 605
525 718
525 732
525 772
525 787
525 971
526 48
526 241
526 387
526 449
526 512
526 564
526 682
526 725
526 920
526 997
527 28
527 53
527 141
527 146
527 197
527 198
527 199
527 242
527 292
527 307
527 343
527 529
527 831
527 844
528 67
528 150
528 339
528 390
528 396
528 485
528 505
528 562
528 577
528 700
528 741
528 787
528 821
528 832
528 923
528 943
529 5
529 34
529 51
529 53
529 57
529 111
529 367
529 388
529 617
529 789
529 913
530 22
530 32
530 153
530 156
530 211
530 342
530 429
530 459
530 506
530 681
530 687
530 917
531 69
531 148
531 507
531 515
531 679
531 745
531 820
531 900
532 48
532 72
532 125
532 233
532 522
532 612
532 908
532 920
532 927
533 52
533 55
533 147
533 152
533 190
533 457
533 615
533 731
533 735
533 854
533 950
534 62
534 176
534 628
534 801
534 816
534 875
534 897
534 910
534 992
534 1000
535 167
535 257
535 273
535 435
535 489
535 520
535 544
535 626
535 947
536 9
536 66
536 79
536 150
536 239
536 267
536 323
536 541
536 697
536 759
536 940
536 952
537 126
537 197
537 233
537 357
537 384
537 424
537 599
537 756
537 810
537 903
537 992
538 18
538 119
538 460
538 489
538 526
538 556
538 588
538 697
538 818
539 43
539 145
539 152
539 246
539 431
539 574
539 691
539 745
540 263
540 314
540 446
540 575
540 725
540 823
540 906
541 21
541 152
541 215
541 295
541 338
541 380
541 483
541 594
541 724
541 787
541 842
541 846
542 193
542 400
542 417
542 635
542 663
542 684
542 696
542 733
542 771
542 774
543 89
543 248
543 354
543 435
543 461
543 471
543 656
543 683
543 874
544 97
544 160
544 178
544 333
544 420
544 451
544 543
544 716
544 785
545 148
545 243
545 254
545 432
545 663
545 758
545 889
546 8
546 78
546 170
546 304
546 339
546 441
546 776
546 834
546 891
547 8
547 74
547 207
547 311
547 385
547 658
547 680
547 701
547 702
547 706
547 711
547 719
547 959
547 969
548 2
548 132
548 331
548 362
548 544
548 629
548 830
548 906
548 964
549 7
549 143
549 156
549 291
549 344
549 391
549 438
549 763
549 870
550 13
550 18
550 76
550 200
550 374
550 417
550 605
550 760
550 773
550 826
550 965
550 983
551 186
551 223
551 263
551 421
551 491
551 524
551 609
551 652
551 718
551 757
552 44
552 159
552 441
552 499
552 573
552 619
552 651
552 935
552 946
553 39
553 405
553 578
553 742
553 771
553 772
553 798
553 854
553 899
553 986
553 999
554 73
554 209
554 230
554 268
554 337
554 375
554 520
554 563
554 756
554 829
554 869
554 907
555 180
555 269
555 398
555 509
555 902
556 52
556 60
556 117
556 173
556 178
556 378
556 528
556 577
556 830
556 921
557 54
557 89
557 202
557 281
557 453
557 460
557 500
557 535
557 571
557 794
557 871
557 939
558 47
558 124
558 330
558 497
558 944
558 962
558 964
559 102
559 177
559 201
559 251
559 446
559 474
559 497
559 514
559 589
559 805
559 871
559 912
559 980
560 62
560 215
560 242
560 272
560 351
560 382
560 567
560 746
560 846
560 1000
561 2
561 88
561 90
561 101
561 220
561 306
561 362
561 419
561 461
561 476
561 514
561 604
561 687
561 710
561 877
561 920
561 935
561 979
562 73
562 93
562 120
562 136
562 154
562 166
562 462
562 509
562 605
562 690
563 145
563 178
563 282
563 455
563 723
563 724
563 821
563 886
564 7
564 22
564 397
564 430
564 467
564 506
564 516
564 702
564 769
564 880
565 22
565 132
565 169
565 220
565 429
565 441
565 497
565 569
565 600
565 651
565 653
565 804
566 107
566 185
566 191
566 272
566 285
566 468
566 474
566 623
566 655
566 793
566 798
566 895
566 916
567 20
567 151
567 187
567 267
567 348
567 357
567 363
567 440
567 492
567 525
567 531
567 542
567 666
567 706
567 775
568 332
568 375
568 420
568 466
568 500
568 623
568 676
568 850
569 263
569 306
569 346
569 617
569 628
569 655
570 25
570 61
570 107
570 387
570 517
570 524
570 591
570 672
570 801
570 822
570 918
570 944
571 25
571 62
571 217
571 235
571 261
571 377
571 380
571 467
571 534
571 630
571 839
571 909
571 961
572 18
572 144
572 159
572 357
572 520
572 721
572 826
572 833
573 160
573 277
573 342
573 356
573 402
573 515
573 543
573 854
573 859
573 979
574 22
574 28
574 120
574 343
574 451
574 528
574 675
574 676
574 921
574 925
574 959
575 17
575 121
575 152
575 201
575 309
575 446
575 531
575 694
575 916
576 107
576 166
576 254
576 293
576 297
576 556
576 670
576 713
576 758
576 774
576 810
577 41
577 164
577 375
577 427
577 435
577 545
577 661
577 708
577 987
577 1000
578 259
578 327
578 343
578 490
578 590
578 597
578 618
578 795
578 838
578 840
578 939
579 605
580 5
580 185
580 280
580 342
580 366
580 619
580 672
580 674
580 686
580 884
580 943
580 994
581 72
581 95
581 172
581 285
581 568
581 637
581 703
581 740
581 792
581 796
581 923
581 952
582 12
582 152
582 296
582 417
582 693
582 803
582 939
582 960
583 87
583 166
583 217
583 279
583 463
583 467
583 471
583 520
583 592
583 768
584 141
584 201
584 207
584 370
584 376
584 551
584 597
584 773
584 990
585 39
585 119
585 269
585 400
585 404
585 411
585 423
585 770
585 797
585 925
586 1
586 110
586 148
586 161
586 325
586 579
586 727
587 58
587 101
587 106
587 172
587 188
587 336
587 357
587 516
587 537
587 552
587 703
587 796
587 856
588 33
588 121
588 377
588 452
588 469
588 546
588 621
588 648
588 990
589 191
589 300
589 456
589 681
589 755
589 785
589 826
590 103
590 144
590 196
590 269
590 409
590 482
590 596
590 609
590 622
590 768
590 802
590 807
590 835
591 321
591 341
591 409
591 738
591 772
591 806
591 903
591 965
591 984
592 39
592 170
592 499
592 550
592 844
592 947
593 103
593 377
593 672
593 710
593 739
593 774
593 855
594 162
594 197
594 312
594 386
594 591
594 635
594 711
594 863
595 23
595 25
595 26
595 146
595 160
595 176
595 435
595 695
595 721
595 732
595 793
595 862
595 884
595 939
595 982
596 175
596 223
596 237
596 416
596 517
596 591
596 721
596 888
597 37
597 122
597 138
597 168
597 192
597 207
597 353
597 372
597 545
597 559
597 645
597 676
597 748
597 828
598 157
598 376
598 401
598 569
598 802
598 837
599 70
599 109
599 201
599 225
599 233
599 379
599 477
599 523
599 583
599 807
599 813
599 983
600 62
600 94
600 100
600 112
600 155
600 286
600 343
600 353
600 396
600 502
600 552
600 647
600 692
601 88
601 113
601 642
601 747
601 878
602 330
602 568
602 780
603 69
603 138
603 190
603 297
603 340
603 517
603 545
603 550
603 625
603 773
603 873
604 64
604 169
604 189
604 193
604 268
604 289
604 516
604 526
604 534
604 559
604 684
605 232
605 254
605 368
605 393
605 550
605 575
605 664
605 724
605 846
606 42
606 331
606 365
606 374
606 439
606 615
606 661
606 824
606 871
606 883
606 949
607 42
607 133
607 161
607 261
607 272
607 294
607 522
607 540
607 656
607 712
607 758
607 762
607 765
607 769
607 827
608 67
608 148
608 540
608 590
608 646
608 675
608 707
608 710
608 713
608 885
608 947
609 58
609 97
609 102
609 111
609 112
609 281
609 370
609 479
609 525
609 584
609 685
609 753
609 790
609 812
610 291
610 312
610 372
610 406
610 424
610 442
610 544
610 646
610 652
611 105
611 291
611 394
611 448
611 551
611 771
611 822
611 883
612 15
612 50
612 76
612 90
612 177
612 232
612 239
612 395
612 523
612 704
612 804
613 56
613 84
613 184
613 259
613 311
613 577
614 6
614 116
614 188
614 203
614 361
614 420
614 427
614 458
614 570
614 580
614 693
614 735
614 825
614 849
614 941
615 46
615 56
615 115
615 151
615 172
615 180
615 211
615 225
615 261
615 271
615 280
615 374
615 378
615 502
615 556
615 690
615 818
615 993
616 94
616 141
616 303
616 320
616 394
616 431
616 768
616 840
617 32
617 58
617 158
617 159
617 177
617 242
617 282
617 366
617 501
617 615
617 633
617 749
618 109
618 121
618 131
618 171
618 308
618 365
618 403
618 451
618 565
618 590
618 728
618 742
618 770
618 996
619 4
619 120
619 132
619 134
619 156
619 261
619 324
619 439
619 580
619 750
619 850
620 22
620 37
620 294
620 451
620 481
620 483
620 665
620 699
620 763
620 859
621 57
621 85
621 206
621 444
621 459
621 514
621 646
621 682
621 805
621 880
621 985
622 238
622 358
622 550
622 588
622 641
622 713
622 767
622 806
622 829
623 149
623 320
623 348
623 434
623 521
623 641
623 974
624 195
624 207
624 386
624 397
624 430
624 441
624 466
624 544
624 589
624 643
624 697
624 890
625 128
625 182
625 248
625 301
625 379
625 421
625 425
625 574
625 702
625 721
625 782
625 799
625 989
626 7
626 206
626 426
626 509
626 527
626 591
626 722
627 34
627 701
627 719
627 753
627 864
627 916
628 95
628 115
628 195
628 330
628 367
628 641
628 683
628 697
628 943
628 964
628 979
629 45
629 55
629 581
629 716
629 828
630 25
630 50
630 146
630 287
630 320
630 559
630 641
630 697
630 883
630 941
631 321
631 336
631 778
631 819
631 935
632 13
632 229
632 337
632 370
632 639
632 759
632 766
632 815
632 990
633 145
633 215
633 298
633 317
633 369
633 467
633 668
633 670
633 740
633 871
633 921
634 324
634 353
634 425
634 537
634 607
634 723
634 877
634 944
634 991
635 185
635 254
635 289
635 310
635 494
635 621
635 642
635 716
635 751
635 763
635 817
635 822
635 843
635 860
635 886
636 37
636 43
636 82
636 96
636 223
636 616
636 631
636 868
636 903
637 11
637 207
637 258
637 300
637 410
637 862
637 894
638 148
638 233
638 446
638 454
638 499
638 614
638 632
638 636
638 785
639 20
639 110
639 285
639 314
639 398
639 500
639 503
639 729
639 856
639 930
639 943
640 471
640 527
640 632
640 667
640 779
640 848
640 989
641 78
641 93
641 314
641 375
641 384
641 433
641 469
641 753
642 88
642 394
642 435
642 566
642 604
642 739
642 763
642 797
642 975
643 97
643 178
643 386
643 449
643 700
643 814
643 816
644 47
644 71
644 250
644 276
644 287
644 339
644 404
644 409
644 483
644 549
644 657
644 758
645 94
645 114
645 265
645 284
645 555
645 580
645 608
645 948
645 977
646 1
646 103
646 123
646 306
646 401
646 419
646 528
646 639
646 902
646 997
647 25
647 206
647 215
647 322
647 626
647 644
647 681
647 989
648 283
648 335
648 637
648 687
648 747
648 796
649 273
649 520
649 668
649 678
649 776
649 817
649 875
649 908
650 90
650 102
650 219
650 251
650 328
650 353
650 605
650 622
650 647
650 839
650 932
651 12
651 178
651 396
651 635
651 652
651 852
651 893
651 922
652 34
652 376
652 453
652 573
652 591
652 645
652 651
652 679
652 837
652 885
652 912
653 42
653 78
653 91
653 241
653 243
653 341
653 571
653 678
653 692
653 759
653 806
654 6
654 81
654 136
654 185
654 602
654 663
654 672
654 755
654 845
654 888
654 923
655 151
655 417
655 433
655 605
656 31
656 55
656 225
656 284
656 545
656 999
657 20
657 67
657 178
657 306
657 457
657 515
657 522
657 553
657 574
657 587
657 654
657 697
657 698
657 851
657 920
658 218
658 266
658 424
658 577
658 719
658 924
659 102
659 155
659 367
659 445
659 511
659 600
659 622
659 649
660 106
660 252
660 261
660 344
660 372
660 399
660 404
660 417
660 446
660 606
660 623
660 706
660 739
660 818
660 851
660 950
661 52
661 202
661 208
661 353
661 405
661 575
661 627
661 776
661 924
662 28
662 97
662 307
662 325
662 348
662 393
662 415
662 456
662 556
662 627
662 787
662 833
663 2
663 10
663 257
663 293
663 381
663 721
663 736
664 57
664 163
664 258
664 298
664 431
664 519
664 543
664 587
664 609
664 717
664 736
664 811
664 988
665 242
665 367
665 506
665 596
665 833
665 885
665 914
666 7
666 53
666 68
666 75
666 77
666 218
666 276
666 286
666 353
666 475
666 547
666 623
666 671
667 66
667 98
667 172
667 482
667 495
667 575
667 585
667 601
668 188
668 222
668 224
668 295
668 312
668 418
668 452
668 583
668 700
668 823
668 833
668 857
669 215
669 319
669 328
669 423
669 429
669 508
669 681
669 709
669 716
669 718
669 930
670 43
670 787
670 928
670 1000
671 44
671 103
671 140
671 209
671 287
671 301
671 314
671 335
671 348
671 466
671 541
671 552
671 630
671 645
671 686
671 701
671 793
671 815
671 941
672 105
672 174
672 194
672 253
672 357
672 580
672 670
672 751
672 759
672 819
672 828
672 879
672 942
673 5
673 24
673 121
673 180
673 213
673 238
673 380
673 507
673 552
673 844
673 960
674 73
674 140
674 906
675 216
675 332
675 373
675 635
675 667
675 864
675 982
676 107
676 534
676 571
676 812
676 960
677 26
677 194
677 368
677 462
677 599
677 637
677 645
677 854
678 103
678 172
678 270
678 399
678 467
678 504
678 513
678 546
678 749
678 750
678 824
678 834
678 995
679 142
679 168
679 169
679 293
679 428
679 521
679 587
679 751
679 774
679 806
679 863
679 922
679 980
680 384
680 418
680 527
680 538
680 578
680 653
680 740
680 759
681 343
681 485
681 722
681 783
681 861
682 99
682 168
682 186
682 362
682 376
682 417
682 535
682 720
683 31
683 68
683 132
683 136
683 258
683 350
683 600
683 755
683 778
683 788
683 861
683 926
683 973
684 53
684 163
684 200
684 279
684 383
684 514
684 656
684 742
684 823
684 837
684 853
685 51
685 64
685 164
685 212
685 215
685 263
685 266
685 538
685 652
685 655
685 891
686 87
686 200
686 217
686 226
686 396
686 408
686 860
686 924
686 944
687 73
687 176
687 208
687 263
687 333
687 356
687 393
687 426
687 516
688 392
688 459
688 478
688 479
688 495
688 641
688 802
688 827
688 911
689 189
689 291
689 333
689 373
689 439
689 535
689 605
689 648
689 728
689 746
689 841
689 847
690 162
690 189
690 436
690 543
690 625
690 664
690 951
690 988
691 70
691 101
691 120
691 159
691 161
691 191
691 402
691 453
691 512
691 633
691 746
692 10
692 70
692 213
692 222
692 244
692 545
692 710
692 757
692 918
692 973
693 36
693 42
693 172
693 504
693 881
693 999
694 198
694 257
694 264
694 271
694 493
694 821
695 94
695 121
695 355
695 400
695 445
695 567
695 670
695 902
695 921
695 966
696 2
696 36
696 44
696 135
696 207
696 225
696 306
696 344
696 357
696 468
696 485
696 732
696 760
696 843
696 932
697 16
697 18
697 20
697 149
697 257
697 538
697 572
697 624
697 671
697 846
697 926
698 33
698 145
698 268
698 315
698 324
698 411
698 599
698 809
698 843
698 902
699 176
699 185
699 297
699 374
699 531
699 579
699 610
699 664
699 806
699 809
699 840
699 906
699 974
700 153
700 274
700 375
700 692
700 780
700 790
701 167
701 224
701 240
701 266
701 282
701 324
701 383
701 392
701 425
701 571
701 618
701 634
701 668
701 703
701 834
701 975
702 322
702 325
702 357
702 374
702 418
702 473
702 580
702 607
702 633
702 709
702 728
702 767
702 795
702 849
702 856
702 858
703 73
703 90
703 104
703 215
703 376
703 420
703 454
703 514
703 532
703 570
703 613
703 614
703 776
703 867
703 920
704 8
704 240
704 280
704 361
704 429
704 511
704 559
704 707
704 800
704 825
705 32
705 112
705 127
705 149
705 253
705 311
705 539
705 619
705 648
705 784
705 849
705 919
705 926
705 981
706 38
706 174
706 179
706 321
706 580
706 610
706 633
706 694
706 729
706 790
706 811
706 837
706 864
706 870
706 880
707 43
707 179
707 214
707 425
707 532
707 668
707 723
707 752
707 864
707 895
707 906
708 27
708 191
708 355
708 503
708 742
708 869
709 45
709 325
709 333
709 414
709 556
709 581
709 744
709 797
709 940
709 953
709 984
710 119
710 134
710 164
710 169
710 464
710 497
710 526
710 689
710 819
710 889
711 60
711 105
711 122
711 146
711 215
711 250
711 358
711 518
711 675
711 761
711 770
711 777
711 838
712 10
712 22
712 164
712 201
712 233
712 287
712 331
712 347
712 393
712 448
712 449
712 485
712 491
712 596
712 653
712 725
712 761
712 817
713 166
713 195
713 504
713 572
713 634
713 680
713 822
713 891
714 246
714 313
714 388
714 408
714 442
714 498
714 532
714 650
714 656
714 679
714 689
714 752
714 860
714 925
715 60
715 306
715 749
716 36
716 127
716 365
716 624
716 760
716 816
716 832
716 887
716 900
717 161
717 287
717 600
717 675
717 965
718 62
718 137
718 417
718 455
718 465
718 558
718 571
718 627
718 635
718 657
718 676
718 788
718 795
718 869
718 945
719 125
719 266
719 270
719 477
719 521
719 636
719 641
719 780
719 807
719 959
720 40
720 41
720 124
720 148
720 153
720 157
720 271
720 468
720 507
720 638
720 751
720 777
720 885
720 925
720 1000
721 22
721 126
721 136
721 255
721 326
721 536
721 571
721 673
721 769
721 798
722 127
722 295
722 328
722 346
722 801
722 861
722 877
723 260
723 316
723 727
723 853
723 924
724 23
724 47
724 178
724 180
724 265
724 271
724 554
724 585
724 607
724 649
724 714
724 838
724 877
725 128
725 266
725 279
725 440
725 457
725 700
725 782
725 786
725 877
726 246
726 556
726 614
726 689
727 11
727 29
727 107
727 233
727 268
727 291
727 397
727 398
727 547
727 580
727 726
727 739
727 787
727 945
728 14
728 254
728 353
728 454
728 484
728 520
728 574
728 589
728 701
728 919
728 999
729 19
729 290
729 644
729 663
729 713
729 772
729 901
729 906
729 943
729 959
730 3
730 91
730 114
730 249
730 286
730 412
730 440
730 762
730 882
731 228
731 277
731 362
731 386
731 625
731 657
731 669
731 693
731 814
731 984
732 59
732 151
732 282
732 806
733 3
733 332
733 369
733 412
733 473
733 576
733 578
733 611
733 874
733 884
734 78
734 114
734 168
734 198
734 226
734 267
734 317
734 441
734 520
734 524
734 612
734 760
734 761
734 792
734 819
734 832
735 101
735 557
735 578
735 613
735 746
735 749
736 107
736 120
736 194
736 494
736 569
736 626
736 629
736 670
736 756
736 877
736 909
736 936
736 957
737 110
737 167
737 214
737 216
737 219
737 244
737 333
737 379
737 685
738 178
738 235
738 242
738 381
738 432
738 448
738 473
738 532
738 564
738 778
739 175
739 230
739 484
739 593
739 822
739 911
739 955
740 32
740 119
740 237
740 433
740 580
740 692
741 305
741 314
741 328
741 681
741 823
741 963
742 494
742 559
742 607
742 623
742 693
742 772
742 823
742 894
742 967
742 972
743 63
743 101
743 123
743 241
743 323
743 334
743 558
743 627
743 778
743 918
744 6
744 117
744 136
744 177
744 289
744 564
744 570
744 577
744 599
744 645
744 665
744 677
744 686
744 688
744 745
744 846
744 977
744 991
745 91
745 270
745 319
745 330
745 360
745 755
745 759
745 800
745 911
745 991
746 83
746 174
746 257
746 389
746 455
746 479
746 689
746 824
746 932
746 991
747 12
747 25
747 34
747 196
747 359
747 410
747 605
747 623
747 708
747 882
747 924
748 9
748 20
748 22
748 52
748 69
748 109
748 285
748 411
748 423
748 447
748 522
748 554
748 766
748 775
748 801
748 974
749 129
749 543
749 624
749 722
749 840
749 914
749 924
750 30
750 277
750 337
750 734
750 780
750 916
751 198
751 255
751 326
751 375
751 541
751 583
751 766
751 787
751 927
752 280
752 482
752 504
752 532
752 613
752 841
752 856
752 897
753 38
753 143
753 352
753 538
753 603
753 757
753 777
753 819
753 838
753 906
754 30
754 230
754 356
754 407
754 409
754 456
754 667
754 690
754 778
754 894
755 284
755 326
755 331
755 546
755 845
755 890
755 961
756 65
756 160
756 205
756 272
756 592
756 661
756 701
756 983
756 987
757 59
757 83
757 287
757 318
757 352
757 430
757 450
757 466
757 524
757 588
757 628
757 681
757 937
757 976
758 54
758 207
758 443
758 463
758 485
758 588
758 784
758 820
759 44
759 317
759 353
759 402
759 432
759 472
759 520
759 742
759 765
759 769
759 890
759 930
760 155
760 211
760 230
760 389
760 563
760 609
760 776
760 903
761 31
761 212
761 339
761 426
761 444
761 632
761 729
761 887
761 926
761 979
762 31
762 106
762 151
762 488
762 560
762 667
762 742
762 975
763 56
763 333
763 380
763 383
763 514
763 627
763 643
763 648
763 853
763 871
763 972
764 1
764 60
764 494
764 546
764 565
764 578
764 596
764 676
764 775
764 791
765 116
765 322
765 357
765 423
765 467
765 473
765 579
765 603
765 718
765 723
765 734
765 761
765 774
765 909
765 934
766 36
766 251
766 376
766 485
766 692
766 829
766 929
766 963
767 245
767 432
767 525
767 543
767 564
767 604
767 807
767 843
768 140
768 340
768 413
768 440
768 480
768 517
768 585
768 659
768 685
769 25
769 60
769 79
769 207
769 306
769 309
769 401
769 676
769 933
769 955
769 972
770 17
770 42
770 265
770 272
770 431
770 556
770 694
770 880
770 950
771 40
771 51
771 182
771 241
771 432
771 433
771 560
771 574
771 806
771 867
771 882
771 960
772 59
772 529
772 549
772 572
772 630
772 659
772 783
772 889
773 72
773 254
773 300
773 318
773 393
773 442
773 500
773 600
773 634
773 688
773 821
773 950
774 12
774 108
774 165
774 360
774 420
774 583
774 597
774 719
774 732
774 829
774 886
774 887
774 923
774 935
775 230
775 268
775 423
775 521
775 543
775 628
775 970
776 186
776 203
776 297
776 765
776 992
776 993
777 222
777 382
777 544
777 687
777 768
777 796
777 909
778 24
778 62
778 219
778 593
778 597
778 646
779 33
779 88
779 110
779 307
779 340
779 421
779 424
779 528
779 626
779 731
779 827
779 856
779 865
780 74
780 117
780 245
780 277
780 389
780 437
780 482
780 548
780 679
780 716
780 795
780 846
780 916
780 993
781 36
781 125
781 126
781 166
781 360
781 414
781 526
781 960
782 136
782 241
782 374
782 545
782 565
782 739
783 277
783 636
783 817
783 935
784 111
784 326
784 442
784 476
784 599
784 614
784 645
784 914
784 936
785 111
785 123
785 237
785 271
785 318
785 404
785 430
785 554
785 707
786 49
786 469
786 487
786 515
786 793
786 989
787 69
787 233
787 403
787 457
787 505
787 532
787 593
787 618
787 731
787 808
787 892
787 911
787 929
787 950
788 38
788 159
788 161
788 237
788 250
788 318
788 335
788 429
788 433
788 449
788 584
788 899
788 931
789 84
789 111
789 231
789 415
789 495
789 509
789 877
789 908
789 964
790 48
790 136
790 213
790 426
790 449
790 475
790 514
790 517
790 535
790 541
790 724
790 941
790 948
790 977
790 997
791 68
791 261
791 301
791 329
791 456
791 506
791 509
791 594
791 596
791 735
791 751
791 770
791 855
791 935
792 36
792 46
792 112
792 168
792 204
792 217
792 234
792 238
792 457
792 481
792 869
792 893
793 157
793 196
793 251
793 545
793 614
793 628
793 650
793 664
793 717
793 876
794 183
794 187
794 223
794 240
794 555
794 568
794 609
794 663
794 737
794 747
794 795
794 825
794 864
795 31
795 214
795 325
795 375
795 400
795 768
795 790
796 46
796 202
796 456
796 477
796 498
796 522
796 583
796 697
796 797
796 871
796 878
796 976
797 8
797 160
797 361
797 500
797 663
797 692
797 723
797 919
797 989
798 277
798 279
798 432
798 606
798 728
798 957
799 131
799 154
799 192
799 196
799 229
799 319
799 397
799 400
799 485
799 489
799 592
799 647
799 672
799 677
799 734
799 837
800 56
800 106
800 130
800 177
800 218
800 252
800 503
800 569
800 639
800 783
801 76
801 122
801 188
801 195
801 204
801 223
801 253
801 336
801 359
801 507
801 659
801 884
801 953
802 138
802 156
802 188
802 443
802 468
802 657
802 770
803 17
803 46
803 241
803 248
803 258
803 282
803 383
803 386
803 553
803 606
803 738
803 761
803 774
803 816
803 824
803 845
803 859
804 80
804 151
804 165
804 169
804 219
804 516
804 554
804 639
804 676
804 787
804 931
804 933
804 936
804 966
804 967
805 132
805 145
805 435
805 464
805 542
805 809
805 888
805 956
805 975
805 986
806 109
806 125
806 167
806 216
806 439
806 472
806 736
806 762
806 812
807 195
807 409
807 634
807 935
807 977
808 8
808 162
808 180
808 273
808 288
808 338
808 368
808 685
808 790
808 820
808 862
808 914
809 76
809 176
809 361
809 455
809 624
809 646
809 774
809 985
810 185
810 328
810 388
810 432
810 435
810 525
810 647
810 718
810 849
811 194
811 226
811 233
811 278
811 281
811 406
811 421
811 560
811 561
811 644
811 916
812 52
812 65
812 124
812 226
812 264
812 393
812 478
812 479
812 642
812 714
813 2
813 42
813 256
813 315
813 356
813 393
813 456
813 523
813 671
813 797
813 915
813 985
814 9
814 13
814 328
814 362
814 382
814 408
814 516
814 670
814 693
814 886
814 904
814 924
814 955
815 20
815 45
815 46
815 287
815 360
815 373
815 389
815 561
815 563
815 687
815 704
815 743
816 264
816 269
816 516
816 704
816 839
816 843
817 51
817 60
817 196
817 289
817 299
817 395
817 622
817 685
817 862
817 872
817 887
817 894
817 911
818 68
818 122
818 152
818 194
818 270
818 280
818 285
818 395
818 418
818 459
818 760
818 787
818 965
819 120
819 330
819 478
819 501
819 531
819 565
819 915
820 55
820 94
820 208
820 224
820 254
820 312
820 368
820 437
820 449
820 467
820 523
820 540
820 576
820 718
820 720
820 758
820 852
820 978
820 988
821 136
821 341
821 460
821 609
821 878
821 961
822 3
822 169
822 200
822 230
822 403
822 516
822 648
822 679
822 764
823 268
823 373
823 407
823 519
823 728
824 496
824 499
824 562
824 577
824 617
824 656
824 689
824 867
824 991
824 995
825 56
825 108
825 189
825 301
825 410
825 465
825 492
825 793
826 103
826 121
826 161
826 432
826 484
826 653
826 679
826 703
826 799
826 820
826 935
827 253
827 460
827 514
827 569
827 608
827 705
827 732
827 886
828 196
828 267
828 310
828 325
828 484
828 566
828 730
828 757
828 762
829 118
829 206
829 305
829 352
829 368
829 485
829 511
829 646
829 679
829 697
829 716
829 745
829 803
829 810
829 956
830 70
830 93
830 134
830 184
830 191
830 481
830 542
830 566
830 572
830 688
830 707
830 737
830 799
830 824
830 998
831 81
831 145
831 186
831 638
831 707
831 757
831 808
831 845
832 12
832 21
832 29
832 393
832 464
832 579
832 628
832 634
832 678
832 787
833 140
833 296
833 360
833 371
833 440
833 484
833 565
833 576
833 647
833 673
833 758
833 792
833 962
834 116
834 153
834 385
834 833
835 7
835 84
835 228
835 285
835 446
835 472
835 519
835 552
835 673
835 742
835 752
835 770
835 820
835 940
835 984
836 31
836 229
836 232
836 275
836 331
836 448
836 728
836 756
836 777
836 896
837 5
837 116
837 126
837 176
837 293
837 354
837 369
837 398
837 559
837 603
837 626
837 627
837 719
837 744
837 755
837 801
838 7
838 10
838 12
838 48
838 135
838 149
838 197
838 283
838 330
838 459
838 480
838 486
838 585
838 615
838 690
838 928
839 145
839 211
839 480
839 495
839 553
839 564
839 703
839 869
839 874
839 930
840 81
840 239
840 314
840 316
840 377
840 613
840 802
840 818
840 911
840 913
841 14
841 68
841 117
841 175
841 308
842 39
842 54
842 74
842 160
842 282
842 643
842 666
842 843
842 860
842 930
843 72
843 116
843 260
843 321
843 329
843 387
843 400
843 418
843 929
844 144
844 400
844 464
844 528
844 560
844 711
844 756
844 800
844 806
844 852
844 859
845 4
845 253
845 434
845 436
845 585
845 808
845 892
845 932
845 971
845 979
846 33
846 112
846 196
846 711
847 243
847 361
847 368
847 632
847 688
847 757
847 985
848 282
848 317
848 565
848 582
848 590
848 805
848 917
848 931
848 946
849 60
849 543
849 557
849 646
849 701
849 802
849 868
849 966
849 983
849 999
850 192
850 211
850 281
850 300
850 357
850 365
850 391
850 408
850 478
850 484
850 582
850 602
850 700
850 856
851 266
851 305
851 934
852 69
852 213
852 258
852 386
852 451
852 520
852 526
852 553
852 561
852 719
852 940
853 127
853 204
853 335
853 374
853 377
853 527
853 538
853 546
853 899
853 977
854 327
854 350
854 479
854 516
854 778
854 806
854 835
854 896
854 908
854 973
855 191
855 214
855 349
855 377
855 424
855 425
855 472
856 42
856 98
856 273
856 296
856 639
856 897
857 65
857 162
857 304
857 647
857 818
857 963
858 92
858 155
858 163
858 280
858 315
858 361
858 464
858 525
858 556
858 627
858 767
858 843
858 857
858 877
858 926
859 201
859 307
859 338
859 401
859 608
859 693
859 694
859 763
859 806
859 904
860 95
860 105
860 388
860 405
860 612
860 681
860 845
860 962
861 172
861 224
861 230
861 305
861 359
861 525
861 661
861 792
861 921
862 7
862 209
862 270
862 417
862 549
862 685
862 791
862 794
862 925
862 944
863 215
863 229
863 240
863 370
863 412
863 422
863 677
863 760
863 923
864 354
864 397
864 620
864 740
864 925
865 48
865 65
865 158
865 278
865 290
865 450
865 589
865 613
865 663
865 712
865 800
865 997
865 999
866 2
866 119
866 160
866 433
866 440
866 621
866 644
866 844
867 53
867 166
867 220
867 270
867 298
867 377
867 400
867 508
867 966
868 163
868 190
868 210
868 236
868 246
868 353
868 505
868 829
868 858
868 890
869 99
869 108
869 408
869 428
869 572
869 675
869 805
869 896
869 979
870 118
870 357
870 416
870 428
870 733
870 740
870 991
871 44
871 177
871 445
871 461
871 486
871 487
871 583
871 752
871 894
872 276
872 305
872 344
872 566
872 587
872 623
872 740
872 955
873 67
873 134
873 184
873 194
873 297
873 471
873 575
873 689
873 785
874 33
874 38
874 119
874 192
874 371
874 440
874 618
874 674
874 832
875 125
875 221
875 235
875 257
875 280
875 431
875 441
875 503
875 661
875 939
876 116
876 133
876 189
876 202
876 312
876 362
876 413
876 708
876 922
877 57
877 77
877 170
877 195
877 410
877 812
877 920
877 942
878 16
878 37
878 57
878 225
878 338
878 355
878 634
878 838
878 865
879 155
879 188
879 214
879 370
879 385
879 515
879 952
880 29
880 97
880 199
880 564
880 598
880 694
880 944
881 89
881 122
881 253
881 432
881 470
881 560
881 561
881 668
881 685
881 791
881 923
882 161
882 185
882 211
882 306
882 310
882 321
882 351
882 370
882 372
882 417
882 526
882 560
882 950
883 9
883 187
883 412
883 509
883 547
883 824
883 852
883 898
883 901
884 31
884 144
884 150
884 151
884 156
884 261
884 333
884 365
884 376
884 413
884 443
884 659
884 673
884 674
884 747
884 793
884 924
884 984
885 59
885 148
885 180
885 262
885 277
885 318
885 690
885 808
885 833
885 992
886 2
886 5
886 29
886 201
886 338
886 428
886 448
886 457
886 479
886 541
886 605
886 803
887 8
887 115
887 329
887 464
887 541
887 589
887 747
887 793
888 93
888 97
888 195
888 246
888 294
888 504
888 596
888 653
888 686
888 732
888 819
888 895
889 272
889 315
889 340
889 385
889 400
889 630
889 833
889 842
889 962
889 995
890 81
890 86
890 179
890 275
890 326
890 395
890 486
890 549
890 591
890 688
890 821
890 990
891 74
891 356
891 448
891 674
891 683
891 741
891 760
891 815
891 866
891 959
891 980
892 61
892 157
892 166
892 461
892 492
892 688
892 710
892 756
892 817
892 894
893 125
893 252
893 276
893 358
893 472
893 553
893 577
893 694
894 12
894 98
894 143
894 213
894 257
894 305
894 477
894 488
894 574
894 669
894 695
894 735
894 798
894 824
894 887
895 43
895 59
895 73
895 111
895 341
895 446
895 570
895 648
895 735
895 966
896 82
896 95
896 96
896 237
896 390
896 421
896 458
896 521
896 605
896 726
896 803
897 112
897 147
897 155
897 226
897 227
897 468
897 514
897 633
897 651
897 662
897 667
897 744
897 824
897 870
898 305
898 374
898 520
898 607
898 718
899 166
899 244
899 280
899 301
899 340
899 428
899 435
899 602
899 665
899 705
899 714
899 808
900 42
900 67
900 82
900 212
900 247
900 270
900 352
900 443
900 515
900 542
900 564
900 699
900 756
900 799
900 852
900 909
901 55
901 159
901 429
901 438
901 460
901 464
901 484
901 613
901 634
901 665
901 745
901 895
901 968
902 77
902 144
902 183
902 282
902 328
902 385
902 512
902 514
902 618
902 643
902 707
902 776
902 865
902 907
902 911
903 49
903 217
903 395
903 508
903 714
903 740
903 751
903 908
903 935
904 23
904 63
904 203
904 456
904 503
904 610
904 824
904 871
904 929
904 972
904 995
905 150
905 205
905 265
905 362
905 445
905 465
905 632
905 702
905 790
905 829
905 958
906 34
906 559
906 654
906 720
906 723
906 792
907 30
907 41
907 74
907 82
907 123
907 127
907 141
907 286
907 304
907 327
907 649
907 697
907 707
907 838
907 899
907 905
907 952
908 80
908 140
908 310
908 344
908 496
908 595
908 901
908 910
909 65
909 135
909 160
909 236
909 524
909 599
910 77
910 109
910 270
910 335
910 427
910 503
910 505
910 621
910 642
910 644
910 651
910 906
910 952
910 985
911 47
911 189
911 233
911 441
911 524
911 540
911 562
911 611
911 621
911 664
911 720
911 739
911 800
911 844
911 938
911 944
912 38
912 76
912 101
912 124
912 133
912 457
912 490
912 601
912 698
912 755
912 768
912 877
912 947
912 970
913 15
913 145
913 275
913 408
913 563
913 594
913 843
914 21
914 58
914 89
914 128
914 223
914 231
914 388
914 476
914 485
914 586
914 677
914 884
914 893
914 899
915 31
915 37
915 239
915 418
915 454
915 503
915 741
915 801
915 929
916 2
916 148
916 185
916 201
916 319
916 694
916 820
916 928
917 62
917 193
917 284
917 660
917 670
917 747
917 834
918 26
918 316
918 333
918 355
918 386
918 456
918 489
918 555
918 596
918 698
918 705
918 806
918 853
918 902
919 46
919 70
919 76
919 231
919 474
919 512
919 528
919 580
919 672
919 806
920 133
920 296
920 395
920 582
920 722
920 823
920 858
920 913
920 952
921 21
921 28
921 155
921 199
921 224
921 468
921 551
921 862
921 889
921 936
922 79
922 258
922 259
922 265
922 342
922 400
922 507
922 595
922 665
922 677
922 996
923 27
923 33
923 135
923 144
923 158
923 184
923 190
923 192
923 204
923 295
923 402
923 647
923 709
923 873
924 32
924 104
924 179
924 210
924 217
924 282
924 628
924 639
924 737
924 918
925 18
925 54
925 199
925 299
925 413
925 785
925 881
926 114
926 129
926 153
926 338
926 348
926 364
926 378
926 559
926 577
926 590
926 617
926 642
926 656
926 666
926 696
926 905
926 958
927 136
927 511
927 580
927 804
927 933
927 981
928 52
928 129
928 161
928 378
928 568
928 576
928 651
928 840
928 871
928 950
929 64
929 203
929 307
929 663
929 725
929 841
930 172
930 229
930 429
930 616
930 620
930 876
931 1
931 15
931 88
931 113
931 300
931 328
931 371
931 522
931 565
931 776
931 965
931 978
932 78
932 94
932 155
932 189
932 241
932 575
932 747
932 805
932 806
932 917
933 4
933 503
933 632
933 882
933 950
934 42
934 326
934 408
934 540
934 564
934 889
934 958
935 58
935 160
935 233
935 254
935 360
935 534
935 739
935 791
935 950
935 965
936 7
936 95
936 148
936 158
936 201
936 226
936 291
936 324
936 355
936 439
936 730
937 25
937 249
937 403
937 552
937 659
937 662
937 684
937 788
937 995
938 5
938 16
938 33
938 101
938 147
938 149
938 160
938 410
938 435
938 441
938 698
938 760
938 917
939 32
939 128
939 285
939 311
939 364
939 394
939 487
939 576
939 831
939 899
939 919
940 97
940 105
940 304
940 603
940 639
940 745
941 487
941 589
941 599
941 622
941 677
941 729
941 834
941 885
941 922
941 990
942 48
942 132
942 238
942 261
942 343
942 466
942 534
942 539
942 609
942 610
942 631
942 692
942 892
943 68
943 71
943 431
943 593
943 685
943 770
943 793
944 150
944 263
944 288
944 340
944 402
944 594
944 640
944 721
944 905
944 909
945 304
945 351
945 420
945 534
945 607
945 770
945 776
946 73
946 290
946 300
946 386
946 427
946 491
946 502
946 559
946 587
946 637
946 747
946 787
946 909
946 921
947 20
947 78
947 117
947 247
947 256
947 474
947 517
947 570
947 678
947 695
947 917
948 32
948 632
948 797
948 872
949 62
949 157
949 388
949 602
949 607
949 687
949 772
949 822
949 842
949 854
949 899
950 32
950 38
950 77
950 196
950 306
950 316
950 431
950 497
950 575
950 579
950 723
950 958
951 154
951 197
951 262
951 484
951 595
951 629
951 718
951 938
951 990
952 40
952 206
952 328
952 383
952 399
952 666
952 723
952 791
952 924
952 934
952 981
953 143
953 234
953 249
953 464
953 518
953 531
953 548
953 630
953 631
953 641
953 692
953 735
954 189
954 241
954 269
954 377
954 415
954 502
954 570
954 627
954 782
954 807
954 986
955 46
955 62
955 191
955 848
955 904
955 977
956 56
956 80
956 207
956 246
956 336
956 450
956 533
956 650
956 679
957 53
957 82
957 85
957 253
957 415
957 436
957 552
957 664
957 695
957 926
957 998
958 70
958 113
958 291
958 395
958 413
958 432
958 636
958 671
958 745
959 175
959 192
959 194
959 323
959 353
959 519
959 638
959 754
959 874
959 913
959 969
960 33
960 309
960 369
960 415
960 494
960 536
960 713
960 737
960 748
960 813
961 2
961 20
961 28
961 75
961 195
961 380
961 588
961 702
961 976
962 176
962 195
962 202
962 308
962 325
962 403
962 530
962 538
962 580
962 693
962 697
962 732
962 748
962 950
963 256
963 320
963 481
963 606
963 662
963 723
963 751
963 837
964 61
964 108
964 407
964 496
964 808
964 891
964 914
965 11
965 77
965 161
965 716
965 819
965 847
965 877
966 152
966 217
966 425
966 531
966 667
967 266
967 289
967 307
967 427
967 683
968 182
968 338
968 497
968 535
969 84
969 261
969 325
969 678
969 742
969 797
970 75
970 89
970 419
970 497
970 641
970 788
970 892
971 19
971 178
971 233
971 351
971 462
971 495
971 529
971 542
971 584
971 933
972 104
972 176
972 264
972 265
972 478
972 479
972 568
972 644
972 816
972 921
973 7
973 18
973 23
973 25
973 145
973 319
973 406
973 483
973 899
973 979
974 200
974 421
974 464
974 830
974 972
975 38
975 77
975 120
975 261
975 441
975 453
976 89
976 148
976 217
976 388
976 487
976 500
976 778
977 228
977 298
977 351
977 387
977 404
977 421
977 559
977 565
977 629
977 916
978 103
978 136
978 194
978 371
978 416
978 435
978 536
978 728
979 24
979 317
979 420
979 456
979 479
979 665
979 854
979 867
980 53
980 355
980 367
980 539
980 569
980 769
980 864
981 47
981 148
981 175
981 259
981 337
981 406
981 499
981 507
981 533
981 585
981 634
981 786
982 4
982 82
982 212
982 305
982 348
982 363
982 387
982 440
982 484
982 610
982 790
983 4
983 68
983 154
983 229
983 307
983 411
983 540
983 565
983 658
983 695
983 815
983 857
983 961
984 138
984 671
984 867
984 915
985 86
985 159
985 380
985 415
985 478
985 497
985 508
985 695
985 714
985 940
985 966
986 55
986 223
986 437
986 539
986 636
986 734
986 736
986 916
987 246
987 293
987 469
987 672
987 742
987 893
988 270
988 276
988 452
988 456
988 817
989 11
989 18
989 142
989 224
989 407
989 560
989 628
989 635
989 687
989 794
989 942
990 45
990 190
990 356
990 519
990 572
990 623
990 652
990 784
990 876
991 173
991 217
991 273
991 326
991 366
991 424
991 446
991 574
991 604
991 639
991 761
991 768
991 839
991 895
991 897
991 917
991 959
991 998
992 66
992 161
992 226
992 288
992 380
992 396
992 415
992 519
992 594
992 651
992 789
992 880
992 899
992 966
993 130
993 252
993 301
993 304
993 322
993 497
993 515
993 525
993 536
993 639
993 940
994 26
994 137
994 272
994 451
994 520
994 577
994 708
994 789
995 90
995 153
995 167
995 249
995 358
995 362
995 453
995 816
995 826
995 979
996 175
996 352
996 469
996 575
996 648
996 727
996 872
996 898
997 12
997 63
997 326
997 340
997 394
997 420
997 512
997 516
997 774
997 812
997 902
998 119
998 166
998 175
998 248
998 250
998 258
998 470
998 645
998 858
999 35
999 195
999 207
999 273
999 477
999 504
999 590
999 741
999 744
999 797
1000 70
1000 84
1000 393
1000 447
1000 578
1000 600
1000 777
1000 789
1000 839
1000 887
1000 960
1000 964
1000 978
452 542
