1000 1000
1 151
1 351
2 617
2 649
3 891
4 559
4 843
5 379
6 873
7 246
7 752
10 330
10 524
10 641
10 980
11 362
11 587
12 141
12 485
14 691
15 72
15 134
15 366
15 675
15 774
17 178
17 613
18 503
22 360
22 421
22 571
24 74
25 46
25 462
25 559
27 641
27 660
28 94
29 606
29 754
30 45
33 23
33 627
34 929
36 214
36 421
39 362
39 372
39 676
45 622
46 998
47 290
47 402
47 481
50 157
50 939
51 265
54 752
56 104
57 866
58 403
60 237
62 2
62 137
62 363
64 58
64 456
65 516
65 883
66 876
68 37
68 325
68 530
68 668
68 682
69 424
70 263
70 531
72 93
72 179
72 875
73 65
75 12
75 884
76 236
79 634
80 224
80 510
80 831
81 433
82 191
82 284
84 622
87 61
87 314
87 752
88 875
89 440
90 354
90 648
91 235
91 265
96 381
98 244
98 294
98 552
100 245
101 459
101 469
101 583
102 1
102 871
103 702
105 593
106 366
107 191
108 477
109 730
111 130
111 243
112 704
113 154
113 655
114 224
115 172
117 114
117 563
119 974
120 936
121 31
121 706
122 279
122 425
123 74
123 304
123 890
127 651
130 179
130 225
132 106
133 110
134 434
135 18
136 196
139 205
139 932
141 389
143 394
144 48
146 386
146 751
146 924
147 708
148 574
149 509
149 987
150 164
150 672
151 206
151 385
152 60
152 128
152 662
154 581
155 340
156 929
157 775
158 93
158 745
159 257
159 279
162 677
162 829
163 802
164 278
166 870
169 373
170 182
170 740
171 137
171 683
171 921
174 26
174 88
174 131
174 324
176 51
178 37
178 185
178 464
178 600
179 89
181 571
181 743
182 636
183 182
184 357
186 402
186 707
187 630
190 921
191 107
191 614
192 25
192 470
192 895
195 637
195 826
197 32
197 67
200 153
201 980
203 535
204 826
209 798
210 980
211 483
211 826
213 484
215 669
216 526
217 557
218 646
219 304
219 542
219 815
219 924
220 80
220 924
221 273
221 849
221 864
225 168
225 436
226 572
228 793
228 924
232 577
232 792
232 846
233 10
234 31
234 440
234 646
239 210
239 383
239 789
240 313
241 480
242 984
243 842
244 294
246 282
249 178
249 670
250 859
250 995
254 382
256 597
256 806
257 389
257 873
258 89
259 318
259 544
262 176
262 759
263 366
263 388
264 175
264 937
267 978
271 573
272 408
272 874
273 410
273 940
275 19
276 181
277 686
277 719
277 784
278 229
280 581
282 557
283 918
285 58
285 951
288 243
290 775
292 17
292 545
297 197
297 335
299 756
300 658
302 636
302 684
303 554
304 64
305 906
308 17
309 971
311 263
311 351
311 394
311 557
312 421
313 52
313 733
314 579
317 237
318 718
326 895
328 474
330 674
331 793
335 35
335 373
336 575
339 781
341 589
343 59
343 988
345 212
346 411
346 779
346 954
347 725
347 993
351 986
353 8
353 37
353 143
354 804
356 25
357 352
359 154
359 228
361 216
361 611
362 458
364 155
365 179
365 419
365 687
365 713
365 872
366 544
366 545
366 860
366 900
367 341
369 330
370 243
371 212
374 91
375 59
375 240
375 360
377 124
377 224
378 387
378 794
379 164
379 318
379 451
379 733
380 532
380 540
380 550
383 14
384 781
384 998
385 146
386 208
386 597
386 620
388 532
389 190
389 857
390 59
390 291
391 31
391 457
392 944
395 826
398 350
399 18
401 436
402 54
402 222
403 32
405 244
405 283
406 113
407 34
408 376
408 505
412 976
413 495
413 855
416 478
417 3
420 401
420 880
421 796
424 10
424 63
426 643
428 364
429 183
429 682
431 17
432 216
432 927
433 458
434 198
434 743
435 429
435 826
436 680
437 219
438 977
440 165
440 376
440 386
440 419
440 453
441 9
441 215
441 603
441 627
443 336
443 441
444 896
446 177
446 323
446 786
448 837
450 776
453 369
455 475
455 599
455 673
455 720
456 328
457 421
457 821
458 344
458 418
462 122
464 917
468 204
469 459
474 45
474 832
475 87
476 391
477 793
478 352
478 498
478 520
479 589
480 401
480 876
482 588
482 991
483 753
484 754
485 81
486 45
487 446
489 200
489 647
489 717
490 232
490 576
490 841
491 743
492 381
492 426
493 347
493 840
493 937
495 96
495 905
496 611
497 576
497 621
498 297
500 910
501 183
501 696
503 89
503 720
504 63
504 129
507 322
508 479
509 308
511 602
516 40
518 32
519 158
519 269
519 980
520 114
521 73
521 640
521 657
524 743
525 521
526 564
526 997
527 146
527 197
527 198
527 199
527 529
528 390
529 111
529 367
530 32
531 900
532 72
532 927
533 152
533 615
536 323
539 745
541 21
542 417
542 684
544 333
548 2
549 763
550 76
550 417
551 223
551 263
554 337
554 829
555 902
557 871
558 124
560 272
560 1000
561 920
561 935
562 120
564 397
565 651
565 653
566 185
566 916
567 20
567 357
567 492
567 542
568 623
569 628
570 918
571 62
573 515
573 979
574 120
574 343
575 201
576 166
576 293
576 758
577 41
577 435
581 568
582 803
583 463
583 520
585 39
586 325
587 106
587 336
590 196
590 269
593 103
593 739
594 312
595 23
597 353
597 372
598 376
600 155
600 353
601 878
603 545
603 773
604 268
605 368
605 575
606 871
607 42
607 762
608 710
609 685
611 394
612 15
612 90
614 849
615 56
615 280
616 141
617 366
619 132
619 261
620 294
620 665
620 763
621 646
624 890
625 128
625 248
626 509
627 34
628 115
630 287
631 935
633 317
635 494
635 716
637 207
637 300
639 503
640 989
641 314
642 88
644 409
645 977
647 25
648 335
650 839
651 635
651 652
651 852
651 893
652 912
654 6
657 522
657 697
658 424
660 606
661 208
661 575
662 556
664 57
664 519
664 587
664 736
665 506
667 601
668 823
669 328
669 429
669 930
671 209
671 348
671 552
672 253
672 828
673 5
673 24
673 180
673 552
678 103
678 172
679 587
679 922
680 578
681 722
682 535
687 208
688 478
690 988
691 746
692 757
694 198
694 257
694 264
695 94
696 2
696 732
698 268
698 411
699 531
701 324
702 856
703 104
703 532
703 614
703 920
704 240
704 361
704 511
705 32
705 149
705 311
706 610
706 790
707 532
707 752
707 906
708 191
709 45
709 797
710 169
710 889
711 358
712 164
714 246
714 388
715 749
718 657
723 727
724 649
725 266
725 440
730 114
733 332
734 760
734 792
736 936
738 242
740 433
742 693
742 894
746 455
746 824
747 359
748 9
748 554
748 766
751 198
751 375
751 787
752 280
753 38
753 819
754 356
754 894
756 661
757 287
758 443
758 588
759 317
759 432
760 155
760 230
760 903
762 106
762 742
764 546
764 596
765 116
765 423
765 603
767 245
767 525
768 340
768 517
771 182
771 806
773 318
774 165
774 887
776 992
776 993
779 307
780 846
782 136
782 545
785 554
785 707
787 403
787 593
788 335
789 908
790 535
791 329
791 935
792 36
792 869
793 251
794 183
794 795
795 768
795 790
796 477
797 160
797 500
798 957
799 319
799 647
800 106
801 204
803 241
804 169
804 936
805 888
808 288
808 790
811 281
811 406
812 714
813 797
814 408
814 886
815 20
815 287
815 687
815 704
817 196
817 289
817 887
818 395
818 787
820 55
820 449
822 679
823 268
823 519
824 617
826 121
826 653
826 703
826 935
827 569
827 886
828 757
830 184
833 758
834 153
836 229
836 728
836 777
837 719
838 10
841 14
841 117
842 39
842 860
843 400
845 932
845 971
845 979
846 112
852 69
854 778
854 896
856 42
858 92
858 315
859 201
860 388
861 792
862 270
863 229
865 997
866 433
867 220
867 508
867 966
869 108
871 487
871 894
873 67
874 38
875 125
875 221
875 235
878 16
878 37
879 370
879 385
880 199
882 211
882 950
884 144
884 261
884 365
884 747
885 59
885 992
886 29
886 201
886 605
887 464
888 97
888 596
888 653
891 448
891 683
891 815
892 492
893 276
894 488
895 341
897 155
900 564
900 699
901 634
901 968
902 183
902 282
903 714
904 610
904 824
905 632
905 829
906 654
906 723
907 74
908 80
908 140
912 124
912 755
914 476
914 884
915 239
917 660
919 528
921 551
923 295
924 282
924 737
925 881
926 338
926 378
928 52
928 129
928 378
929 64
930 876
931 522
933 4
934 42
935 254
935 950
938 16
938 149
938 435
939 128
941 622
941 885
943 68
943 685
945 770
946 386
946 637
949 62
950 38
950 575
951 990
954 241
955 62
955 191
957 436
957 552
958 291
959 194
960 536
960 713
961 702
962 176
962 950
963 320
963 481
965 877
968 182
970 89
970 788
971 351
972 479
973 7
973 899
981 406
984 138
984 671
984 867
987 893
989 18
989 224
991 917
992 651
996 175
996 352
996 648
997 512
997 516
998 470
999 590
1000 789
370 198
